> bic.fit

  Bayesian network parameters

  Parameters of node sex (multinomial distribution)

Conditional probability table:
  (-0.1,0]     (0,1] 
0.4534445 0.5465555 

  Parameters of node race (multinomial distribution)

Conditional probability table:
 (-0.1,0]    (0,1] 
0.514592 0.485408 

  Parameters of node age (multinomial distribution)

Conditional probability table:
 (-0.1,41]   (41,44]   (44,46]   (46,49]  (49,188] 
0.2191781 0.2171928 0.1647806 0.2938257 0.1050228 

  Parameters of node bmi (multinomial distribution)

Conditional probability table:
 
, , dbp = (-0.1,30]

             sex
bmi           (-0.1,0]      (0,1]
  (-0.1,22.8]  0        1.00000000
  (22.8,25.6]   0       0.00000000
  (25.6,28.6]    0      0.00000000
  (28.6,33.2]     0     0.00000000
  (33.2,154]       0    0.00000000

, , dbp = (30,63]

             sex
bmi             (-0.1,0]      (0,1]
  (-0.1,22.8] 0.23140496 0.39371257
  (22.8,25.6] 0.29752066 0.25748503
  (25.6,28.6] 0.26997245 0.16916168
  (28.6,33.2] 0.14876033 0.09880240
  (33.2,154]  0.05234160 0.08083832

, , dbp = (63,68.7]

             sex
bmi             (-0.1,0]      (0,1]
  (-0.1,22.8] 0.23227384 0.29913043
  (22.8,25.6] 0.27628362 0.20000000
  (25.6,28.6] 0.27139364 0.16000000
  (28.6,33.2] 0.16870416 0.17217391
  (33.2,154]  0.05134474 0.16869565

, , dbp = (68.7,74]

             sex
bmi             (-0.1,0]      (0,1]
  (-0.1,22.8] 0.14059406 0.20892857
  (22.8,25.6] 0.28514851 0.15000000
  (25.6,28.6] 0.25940594 0.17321429
  (28.6,33.2] 0.21980198 0.20178571
  (33.2,154]  0.09504950 0.26607143

, , dbp = (74,81]

             sex
bmi             (-0.1,0]      (0,1]
  (-0.1,22.8] 0.12248629 0.13882863
  (22.8,25.6] 0.17915905 0.13665944
  (25.6,28.6] 0.24314442 0.13015184
  (28.6,33.2] 0.27787934 0.25162690
  (33.2,154]  0.17733090 0.34273319

, , dbp = (81,438]

             sex
bmi             (-0.1,0]      (0,1]
  (-0.1,22.8] 0.08478261 0.05532787
  (22.8,25.6] 0.14347826 0.09426230
  (25.6,28.6] 0.19782609 0.16803279
  (28.6,33.2] 0.26956522 0.21721311
  (33.2,154]  0.30434783 0.46516393


  Parameters of node sbp (multinomial distribution)

Conditional probability table:
 
, , race = (-0.1,0]

            sex
sbp            (-0.1,0]      (0,1]
  (-0.1,103] 0.06525573 0.21810700
  (103,110]  0.16754850 0.19547325
  (110,117]  0.21957672 0.18244170
  (117,125]  0.27425044 0.18312757
  (125,219]  0.27336861 0.22085048

, , race = (0,1]

            sex
sbp            (-0.1,0]      (0,1]
  (-0.1,103] 0.09739130 0.39150579
  (103,110]  0.21130435 0.24864865
  (110,117]  0.23391304 0.14362934
  (117,125]  0.26956522 0.12818533
  (125,219]  0.18782609 0.08803089


  Parameters of node dbp (multinomial distribution)

Conditional probability table:
 
           sbp
dbp           (-0.1,103]    (103,110]    (110,117]    (117,125]    (125,219]
  (-0.1,30] 0.0009891197 0.0000000000 0.0000000000 0.0000000000 0.0000000000
  (30,63]   0.5964391691 0.2663461538 0.1154639175 0.0332068311 0.0041580042
  (63,68.7] 0.2650840752 0.3471153846 0.2164948454 0.1223908918 0.0166320166
  (68.7,74] 0.1216617211 0.2884615385 0.3494845361 0.2314990512 0.0613305613
  (74,81]   0.0158259149 0.0923076923 0.2649484536 0.4060721063 0.2193347193
  (81,438]  0.0000000000 0.0057692308 0.0536082474 0.2068311195 0.6985446985

  Parameters of node chol (multinomial distribution)

Conditional probability table:
 
            trig
chol          (-0.1,54]    (54,72]    (72,93]   (93,134] (134,1.13e+03]
  (-0.1,154] 0.35804878 0.23069307 0.18511066 0.14624506     0.10441767
  (154,172]  0.25658537 0.24851485 0.20724346 0.17094862     0.10341365
  (172,189]  0.20097561 0.20396040 0.21227364 0.21442688     0.17269076
  (189,210]  0.11219512 0.19306931 0.21529175 0.22233202     0.23995984
  (210,409]  0.07219512 0.12376238 0.18008048 0.24604743     0.37951807

  Parameters of node ldl (multinomial distribution)

Conditional probability table:
 
, , hdl = (-0.1,40.8]

           chol
ldl          (-0.1,154]   (154,172]   (172,189]   (189,210]   (210,409]
  (-0.1,83] 0.591078067 0.096590909 0.020100503 0.011834320 0.005076142
  (83,99]   0.356877323 0.232954545 0.090452261 0.059171598 0.005076142
  (99,115]  0.052044610 0.539772727 0.326633166 0.094674556 0.045685279
  (115,134] 0.000000000 0.130681818 0.522613065 0.414201183 0.131979695
  (134,308] 0.000000000 0.000000000 0.040201005 0.420118343 0.812182741

, , hdl = (40.8,47.8]

           chol
ldl          (-0.1,154]   (154,172]   (172,189]   (189,210]   (210,409]
  (-0.1,83] 0.585365854 0.036269430 0.005050505 0.000000000 0.000000000
  (83,99]   0.390243902 0.347150259 0.055555556 0.005464481 0.010638298
  (99,115]  0.024390244 0.590673575 0.287878788 0.054644809 0.015957447
  (115,134] 0.000000000 0.025906736 0.646464646 0.459016393 0.042553191
  (134,308] 0.000000000 0.000000000 0.005050505 0.480874317 0.930851064

, , hdl = (47.8,55]

           chol
ldl          (-0.1,154]   (154,172]   (172,189]   (189,210]   (210,409]
  (-0.1,83] 0.709401709 0.061032864 0.022522523 0.005405405 0.000000000
  (83,99]   0.290598291 0.568075117 0.067567568 0.005405405 0.000000000
  (99,115]  0.000000000 0.370892019 0.608108108 0.097297297 0.019417476
  (115,134] 0.000000000 0.000000000 0.301801802 0.648648649 0.131067961
  (134,308] 0.000000000 0.000000000 0.000000000 0.243243243 0.849514563

, , hdl = (55,65]

           chol
ldl          (-0.1,154]   (154,172]   (172,189]   (189,210]   (210,409]
  (-0.1,83] 0.913513514 0.166666667 0.010810811 0.000000000 0.000000000
  (83,99]   0.086486486 0.738738739 0.178378378 0.023474178 0.000000000
  (99,115]  0.000000000 0.094594595 0.697297297 0.187793427 0.006060606
  (115,134] 0.000000000 0.000000000 0.113513514 0.708920188 0.127272727
  (134,308] 0.000000000 0.000000000 0.000000000 0.079812207 0.866666667

, , hdl = (65,167]

           chol
ldl          (-0.1,154]   (154,172]   (172,189]   (189,210]   (210,409]
  (-0.1,83] 1.000000000 0.713541667 0.240384615 0.033613445 0.020080321
  (83,99]   0.000000000 0.286458333 0.567307692 0.205882353 0.060240964
  (99,115]  0.000000000 0.000000000 0.192307692 0.495798319 0.084337349
  (115,134] 0.000000000 0.000000000 0.000000000 0.264705882 0.353413655
  (134,308] 0.000000000 0.000000000 0.000000000 0.000000000 0.481927711


  Parameters of node hdl (multinomial distribution)

Conditional probability table:
 
, , bmi = (-0.1,22.8]

             sex
hdl             (-0.1,0]      (0,1]
  (-0.1,40.8] 0.16292135 0.02795031
  (40.8,47.8] 0.17134831 0.08695652
  (47.8,55]   0.24438202 0.20341615
  (55,65]     0.20786517 0.27484472
  (65,167]    0.21348315 0.40683230

, , bmi = (22.8,25.6]

             sex
hdl             (-0.1,0]      (0,1]
  (-0.1,40.8] 0.17958412 0.04375000
  (40.8,47.8] 0.25708885 0.09583333
  (47.8,55]   0.25708885 0.20208333
  (55,65]     0.16068053 0.28125000
  (65,167]    0.14555766 0.37708333

, , bmi = (25.6,28.6]

             sex
hdl             (-0.1,0]      (0,1]
  (-0.1,40.8] 0.30319149 0.09684685
  (40.8,47.8] 0.27836879 0.15315315
  (47.8,55]   0.19148936 0.21621622
  (55,65]     0.14184397 0.23198198
  (65,167]    0.08510638 0.30180180

, , bmi = (28.6,33.2]

             sex
hdl             (-0.1,0]      (0,1]
  (-0.1,40.8] 0.42549020 0.14400000
  (40.8,47.8] 0.25686275 0.19400000
  (47.8,55]   0.17450980 0.20400000
  (55,65]     0.09019608 0.26600000
  (65,167]    0.05294118 0.19200000

, , bmi = (33.2,154]

             sex
hdl             (-0.1,0]      (0,1]
  (-0.1,40.8] 0.53846154 0.20437956
  (40.8,47.8] 0.24000000 0.25985401
  (47.8,55]   0.13846154 0.24671533
  (55,65]     0.05846154 0.17226277
  (65,167]    0.02461538 0.11678832


  Parameters of node trig (multinomial distribution)

Conditional probability table:
 
                hdl
trig             (-0.1,40.8] (40.8,47.8]  (47.8,55]    (55,65]   (65,167]
  (-0.1,54]       0.03663366  0.11706349 0.22452830 0.27628866 0.36804853
  (54,72]         0.07722772  0.18452381 0.19905660 0.26907216 0.27704752
  (72,93]         0.14059406  0.22619048 0.23018868 0.20721649 0.18099090
  (93,134]        0.26732673  0.24603175 0.19622642 0.16907216 0.12335693
  (134,1.13e+03]  0.47821782  0.22619048 0.15000000 0.07835052 0.05055612

  Parameters of node glu (multinomial distribution)

Conditional probability table:
 
, , bmi = (-0.1,22.8]

           sex
glu           (-0.1,0]      (0,1]
  (-0.1,82] 0.33707865 0.40683230
  (82,88]   0.29494382 0.26708075
  (88,93]   0.17415730 0.16149068
  (93,100]  0.14044944 0.11180124
  (100,448] 0.05337079 0.05279503

, , bmi = (22.8,25.6]

           sex
glu           (-0.1,0]      (0,1]
  (-0.1,82] 0.17202268 0.32708333
  (82,88]   0.24952741 0.28125000
  (88,93]   0.20793951 0.19166667
  (93,100]  0.22873346 0.13125000
  (100,448] 0.14177694 0.06875000

, , bmi = (25.6,28.6]

           sex
glu           (-0.1,0]      (0,1]
  (-0.1,82] 0.12056738 0.23648649
  (82,88]   0.17553191 0.26126126
  (88,93]   0.21808511 0.19819820
  (93,100]  0.24468085 0.18468468
  (100,448] 0.24113475 0.11936937

, , bmi = (28.6,33.2]

           sex
glu           (-0.1,0]      (0,1]
  (-0.1,82] 0.04901961 0.17600000
  (82,88]   0.14705882 0.24200000
  (88,93]   0.18431373 0.21400000
  (93,100]  0.27058824 0.21800000
  (100,448] 0.34901961 0.15000000

, , bmi = (33.2,154]

           sex
glu           (-0.1,0]      (0,1]
  (-0.1,82] 0.05230769 0.13138686
  (82,88]   0.11384615 0.15620438
  (88,93]   0.08307692 0.18832117
  (93,100]  0.23692308 0.22919708
  (100,448] 0.51384615 0.29489051


  Parameters of node heavy (multinomial distribution)

Conditional probability table:
 
, , race = (-0.1,0]

               sex
heavy             (-0.1,0]      (0,1]
  (-0.1,0]      0.05643739 0.18175583
  (0,36]        0.05908289 0.15775034
  (36,114]      0.12610229 0.24279835
  (114,222]     0.19841270 0.19615912
  (222,372]     0.25308642 0.12688615
  (372,1.5e+03] 0.30687831 0.09465021

, , race = (0,1]

               sex
heavy             (-0.1,0]      (0,1]
  (-0.1,0]      0.04608696 0.09806950
  (0,36]        0.07913043 0.12586873
  (36,114]      0.17391304 0.21389961
  (114,222]     0.18260870 0.21235521
  (222,372]     0.24608696 0.19305019
  (372,1.5e+03] 0.27217391 0.15675676


  Parameters of node moder (multinomial distribution)

Conditional probability table:
 
           heavy
moder         (-0.1,0]     (0,36]   (36,114]  (114,222]  (222,372] (372,1.5e+03]
  (-0.1,0]  0.18271120 0.06352087 0.02874743 0.02510040 0.02288557    0.00499002
  (0,45]    0.27701375 0.32486388 0.21355236 0.12449799 0.10447761    0.04890220
  (45,88]   0.20235756 0.27223230 0.25975359 0.23995984 0.16417910    0.09580838
  (88,144]  0.19253438 0.17059891 0.24640657 0.28614458 0.24179104    0.17265469
  (144,208] 0.09626719 0.11615245 0.15195072 0.17570281 0.21791045    0.23353293
  (208,891] 0.04911591 0.05263158 0.09958932 0.14859438 0.24875622    0.44411178

  Parameters of node edu (multinomial distribution)

Conditional probability table:
 
           race
edu           (-0.1,0]      (0,1]
  (-0.1,12] 0.38927469 0.18445808
  (12,14]   0.29282407 0.18404908
  (14,15.3] 0.09104938 0.04703476
  (15.3,16] 0.14236111 0.27402863
  (16,40.3] 0.08449074 0.31042945

  Parameters of node smoker (multinomial distribution)

Conditional probability table:
 
, , edu = (-0.1,12]

          race
smoker       (-0.1,0]      (0,1]
  (-0.1,0] 0.41228940 0.31042129
  (0,1]    0.13082260 0.22394678
  (1,2]    0.45688801 0.46563193

, , edu = (12,14]

          race
smoker       (-0.1,0]      (0,1]
  (-0.1,0] 0.55862978 0.43555556
  (0,1]    0.12911726 0.24444444
  (1,2]    0.31225296 0.32000000

, , edu = (14,15.3]

          race
smoker       (-0.1,0]      (0,1]
  (-0.1,0] 0.55508475 0.46086957
  (0,1]    0.17796610 0.25217391
  (1,2]    0.26694915 0.28695652

, , edu = (15.3,16]

          race
smoker       (-0.1,0]      (0,1]
  (-0.1,0] 0.75880759 0.64328358
  (0,1]    0.10840108 0.24179104
  (1,2]    0.13279133 0.11492537

, , edu = (16,40.3]

          race
smoker       (-0.1,0]      (0,1]
  (-0.1,0] 0.74885845 0.70619236
  (0,1]    0.13242009 0.22661397
  (1,2]    0.11872146 0.06719368


  Parameters of node hbp (multinomial distribution)

Conditional probability table:
 
       dbp
hbp       (-0.1,30]     (30,63]   (63,68.7]   (68.7,74]     (74,81]    (81,438]
  (0,1] 1.000000000 0.917555771 0.876016260 0.811267606 0.717261905 0.464135021
  (1,2] 0.000000000 0.074684772 0.113821138 0.171830986 0.256944444 0.507383966
  (2,8] 0.000000000 0.007759457 0.010162602 0.016901408 0.025793651 0.028481013

  Parameters of node cac (multinomial distribution)

Conditional probability table:
 
, , glu = (-0.1,82]

          sex
cac          (-0.1,0]      (0,1]
  (-0.1,0] 0.93146417 0.95868946
  (0,1]    0.06853583 0.04131054

, , glu = (82,88]

          sex
cac          (-0.1,0]      (0,1]
  (-0.1,0] 0.89508929 0.94930876
  (0,1]    0.10491071 0.05069124

, , glu = (88,93]

          sex
cac          (-0.1,0]      (0,1]
  (-0.1,0] 0.86298077 0.92115385
  (0,1]    0.13701923 0.07884615

, , glu = (93,100]

          sex
cac          (-0.1,0]      (0,1]
  (-0.1,0] 0.81106870 0.91511387
  (0,1]    0.18893130 0.08488613

, , glu = (100,448]

          sex
cac          (-0.1,0]      (0,1]
  (-0.1,0] 0.71130435 0.87657431
  (0,1]    0.28869565 0.12342569