> bde.fit

  Bayesian network parameters

  Parameters of node sex (multinomial distribution)

Conditional probability table:
  (-0.1,0]     (0,1] 
0.4534445 0.5465555 

  Parameters of node race (multinomial distribution)

Conditional probability table:
 (-0.1,0]    (0,1] 
0.514592 0.485408 

  Parameters of node age (multinomial distribution)

Conditional probability table:
 (-0.1,41]   (41,44]   (44,46]   (46,49]  (49,188] 
0.2191781 0.2171928 0.1647806 0.2938257 0.1050228 

  Parameters of node bmi (multinomial distribution)

Conditional probability table:
 
, , dbp = (-0.1,30]

             sex
bmi           (-0.1,0]      (0,1]
  (-0.1,22.8]    0      1.00000000
  (22.8,25.6]     0     0.00000000
  (25.6,28.6]      0    0.00000000
  (28.6,33.2]       0   0.00000000
  (33.2,154]         0  0.00000000

, , dbp = (30,63]

             sex
bmi             (-0.1,0]      (0,1]
  (-0.1,22.8] 0.23140496 0.39371257
  (22.8,25.6] 0.29752066 0.25748503
  (25.6,28.6] 0.26997245 0.16916168
  (28.6,33.2] 0.14876033 0.09880240
  (33.2,154]  0.05234160 0.08083832

, , dbp = (63,68.7]

             sex
bmi             (-0.1,0]      (0,1]
  (-0.1,22.8] 0.23227384 0.29913043
  (22.8,25.6] 0.27628362 0.20000000
  (25.6,28.6] 0.27139364 0.16000000
  (28.6,33.2] 0.16870416 0.17217391
  (33.2,154]  0.05134474 0.16869565

, , dbp = (68.7,74]

             sex
bmi             (-0.1,0]      (0,1]
  (-0.1,22.8] 0.14059406 0.20892857
  (22.8,25.6] 0.28514851 0.15000000
  (25.6,28.6] 0.25940594 0.17321429
  (28.6,33.2] 0.21980198 0.20178571
  (33.2,154]  0.09504950 0.26607143

, , dbp = (74,81]

             sex
bmi             (-0.1,0]      (0,1]
  (-0.1,22.8] 0.12248629 0.13882863
  (22.8,25.6] 0.17915905 0.13665944
  (25.6,28.6] 0.24314442 0.13015184
  (28.6,33.2] 0.27787934 0.25162690
  (33.2,154]  0.17733090 0.34273319

, , dbp = (81,438]

             sex
bmi             (-0.1,0]      (0,1]
  (-0.1,22.8] 0.08478261 0.05532787
  (22.8,25.6] 0.14347826 0.09426230
  (25.6,28.6] 0.19782609 0.16803279
  (28.6,33.2] 0.26956522 0.21721311
  (33.2,154]  0.30434783 0.46516393


  Parameters of node sbp (multinomial distribution)

Conditional probability table:
 
, , race = (-0.1,0]

            sex
sbp            (-0.1,0]      (0,1]
  (-0.1,103] 0.06525573 0.21810700
  (103,110]  0.16754850 0.19547325
  (110,117]  0.21957672 0.18244170
  (117,125]  0.27425044 0.18312757
  (125,219]  0.27336861 0.22085048

, , race = (0,1]

            sex
sbp            (-0.1,0]      (0,1]
  (-0.1,103] 0.09739130 0.39150579
  (103,110]  0.21130435 0.24864865
  (110,117]  0.23391304 0.14362934
  (117,125]  0.26956522 0.12818533
  (125,219]  0.18782609 0.08803089


  Parameters of node dbp (multinomial distribution)

Conditional probability table:
 
           sbp
dbp           (-0.1,103]    (103,110]    (110,117]    (117,125]    (125,219]
  (-0.1,30] 0.0009891197 0.0000000000 0.0000000000 0.0000000000 0.0000000000
  (30,63]   0.5964391691 0.2663461538 0.1154639175 0.0332068311 0.0041580042
  (63,68.7] 0.2650840752 0.3471153846 0.2164948454 0.1223908918 0.0166320166
  (68.7,74] 0.1216617211 0.2884615385 0.3494845361 0.2314990512 0.0613305613
  (74,81]   0.0158259149 0.0923076923 0.2649484536 0.4060721063 0.2193347193
  (81,438]  0.0000000000 0.0057692308 0.0536082474 0.2068311195 0.6985446985

  Parameters of node chol (multinomial distribution)

Conditional probability table:
 
, , trig = (-0.1,54]

            hdl
chol         (-0.1,40.8] (40.8,47.8]  (47.8,55]    (55,65]   (65,167]
  (-0.1,154]  0.75675676  0.57627119 0.47058824 0.35820896 0.17307692
  (154,172]   0.08108108  0.17796610 0.27731092 0.29104478 0.26098901
  (172,189]   0.13513514  0.19491525 0.16806723 0.19776119 0.23351648
  (189,210]   0.02702703  0.03389831 0.05042017 0.10447761 0.19230769
  (210,409]   0.00000000  0.01694915 0.03361345 0.04850746 0.14010989

, , trig = (54,72]

            hdl
chol         (-0.1,40.8] (40.8,47.8]  (47.8,55]    (55,65]   (65,167]
  (-0.1,154]  0.44871795  0.38709677 0.25592417 0.18390805 0.08759124
  (154,172]   0.29487179  0.27956989 0.23696682 0.28735632 0.18613139
  (172,189]   0.15384615  0.18817204 0.24644550 0.19540230 0.20437956
  (189,210]   0.05128205  0.10752688 0.18957346 0.22605364 0.26277372
  (210,409]   0.05128205  0.03763441 0.07109005 0.10727969 0.25912409

, , trig = (72,93]

            hdl
chol         (-0.1,40.8] (40.8,47.8]  (47.8,55]    (55,65]   (65,167]
  (-0.1,154]  0.38732394  0.22807018 0.18852459 0.10447761 0.05586592
  (154,172]   0.23239437  0.21929825 0.21311475 0.21393035 0.15642458
  (172,189]   0.19718310  0.23245614 0.23360656 0.18407960 0.20111732
  (189,210]   0.11267606  0.21052632 0.18852459 0.28358209 0.26256983
  (210,409]   0.07042254  0.10964912 0.17622951 0.21393035 0.32402235

, , trig = (93,134]

            hdl
chol         (-0.1,40.8] (40.8,47.8]  (47.8,55]    (55,65]   (65,167]
  (-0.1,154]  0.29259259  0.13709677 0.07211538 0.09756098 0.03278689
  (154,172]   0.21111111  0.20564516 0.14423077 0.12195122 0.12295082
  (172,189]   0.20370370  0.20564516 0.23557692 0.22560976 0.20491803
  (189,210]   0.14074074  0.22580645 0.25961538 0.26219512 0.27868852
  (210,409]   0.15185185  0.22580645 0.28846154 0.29268293 0.36065574

, , trig = (134,1.13e+03]

            hdl
chol         (-0.1,40.8] (40.8,47.8]  (47.8,55]    (55,65]   (65,167]
  (-0.1,154]  0.14906832  0.08771930 0.04402516 0.05263158 0.02000000
  (154,172]   0.12422360  0.08333333 0.09433962 0.07894737 0.06000000
  (172,189]   0.20496894  0.15789474 0.15094340 0.09210526 0.12000000
  (189,210]   0.22774327  0.24122807 0.20754717 0.34210526 0.30000000
  (210,409]   0.29399586  0.42982456 0.50314465 0.43421053 0.50000000


  Parameters of node ldl (multinomial distribution)

Conditional probability table:
 
, , hdl = (-0.1,40.8], trig = (-0.1,54]

           chol
ldl          (-0.1,154]   (154,172]   (172,189]   (189,210] (210,409]
  (-0.1,83] 0.357142857 0.000000000 0.000000000 0.000000000   0       
  (83,99]   0.535714286 0.000000000 0.000000000 0.000000000    0      
  (99,115]  0.107142857 0.666666667 0.000000000 0.000000000     0     
  (115,134] 0.000000000 0.333333333 0.600000000 0.000000000      0    
  (134,308] 0.000000000 0.000000000 0.400000000 1.000000000       0   

, , hdl = (40.8,47.8], trig = (-0.1,54]

           chol
ldl          (-0.1,154]   (154,172]   (172,189]   (189,210]   (210,409]
  (-0.1,83] 0.470588235 0.000000000 0.000000000 0.000000000 0.000000000
  (83,99]   0.455882353 0.047619048 0.000000000 0.000000000 0.000000000
  (99,115]  0.073529412 0.857142857 0.043478261 0.000000000 0.000000000
  (115,134] 0.000000000 0.095238095 0.913043478 0.000000000 0.000000000
  (134,308] 0.000000000 0.000000000 0.043478261 1.000000000 1.000000000

, , hdl = (47.8,55], trig = (-0.1,54]

           chol
ldl          (-0.1,154]   (154,172]   (172,189]   (189,210]   (210,409]
  (-0.1,83] 0.651785714 0.000000000 0.000000000 0.000000000 0.000000000
  (83,99]   0.348214286 0.348484848 0.000000000 0.000000000 0.000000000
  (99,115]  0.000000000 0.651515152 0.300000000 0.000000000 0.000000000
  (115,134] 0.000000000 0.000000000 0.700000000 0.250000000 0.000000000
  (134,308] 0.000000000 0.000000000 0.000000000 0.750000000 1.000000000

, , hdl = (55,65], trig = (-0.1,54]

           chol
ldl          (-0.1,154]   (154,172]   (172,189]   (189,210]   (210,409]
  (-0.1,83] 0.843750000 0.025641026 0.000000000 0.000000000 0.000000000
  (83,99]   0.156250000 0.782051282 0.056603774 0.000000000 0.000000000
  (99,115]  0.000000000 0.192307692 0.716981132 0.000000000 0.000000000
  (115,134] 0.000000000 0.000000000 0.226415094 0.857142857 0.000000000
  (134,308] 0.000000000 0.000000000 0.000000000 0.142857143 1.000000000

, , hdl = (65,167], trig = (-0.1,54]

           chol
ldl          (-0.1,154]   (154,172]   (172,189]   (189,210]   (210,409]
  (-0.1,83] 1.000000000 0.642105263 0.223529412 0.042857143 0.019607843
  (83,99]   0.000000000 0.357894737 0.494117647 0.142857143 0.039215686
  (99,115]  0.000000000 0.000000000 0.282352941 0.557142857 0.137254902
  (115,134] 0.000000000 0.000000000 0.000000000 0.257142857 0.313725490
  (134,308] 0.000000000 0.000000000 0.000000000 0.000000000 0.490196078

, , hdl = (-0.1,40.8], trig = (54,72]

           chol
ldl          (-0.1,154]   (154,172]   (172,189]   (189,210]   (210,409]
  (-0.1,83] 0.514285714 0.000000000 0.000000000 0.000000000 0.000000000
  (83,99]   0.428571429 0.000000000 0.000000000 0.000000000 0.000000000
  (99,115]  0.057142857 0.565217391 0.000000000 0.000000000 0.000000000
  (115,134] 0.000000000 0.434782609 0.750000000 0.000000000 0.000000000
  (134,308] 0.000000000 0.000000000 0.250000000 1.000000000 1.000000000

, , hdl = (40.8,47.8], trig = (54,72]

           chol
ldl          (-0.1,154]   (154,172]   (172,189]   (189,210]   (210,409]
  (-0.1,83] 0.500000000 0.000000000 0.000000000 0.000000000 0.000000000
  (83,99]   0.486111111 0.115384615 0.000000000 0.000000000 0.000000000
  (99,115]  0.013888889 0.826923077 0.028571429 0.000000000 0.000000000
  (115,134] 0.000000000 0.057692308 0.971428571 0.150000000 0.000000000
  (134,308] 0.000000000 0.000000000 0.000000000 0.850000000 1.000000000

, , hdl = (47.8,55], trig = (54,72]

           chol
ldl          (-0.1,154]   (154,172]   (172,189]   (189,210]   (210,409]
  (-0.1,83] 0.685185185 0.000000000 0.000000000 0.000000000 0.000000000
  (83,99]   0.314814815 0.640000000 0.000000000 0.000000000 0.000000000
  (99,115]  0.000000000 0.360000000 0.596153846 0.000000000 0.000000000
  (115,134] 0.000000000 0.000000000 0.403846154 0.600000000 0.000000000
  (134,308] 0.000000000 0.000000000 0.000000000 0.400000000 1.000000000

, , hdl = (55,65], trig = (54,72]

           chol
ldl          (-0.1,154]   (154,172]   (172,189]   (189,210]   (210,409]
  (-0.1,83] 0.979166667 0.040000000 0.000000000 0.000000000 0.000000000
  (83,99]   0.020833333 0.893333333 0.039215686 0.000000000 0.000000000
  (99,115]  0.000000000 0.066666667 0.823529412 0.033898305 0.000000000
  (115,134] 0.000000000 0.000000000 0.137254902 0.830508475 0.000000000
  (134,308] 0.000000000 0.000000000 0.000000000 0.135593220 1.000000000

, , hdl = (65,167], trig = (54,72]

           chol
ldl          (-0.1,154]   (154,172]   (172,189]   (189,210]   (210,409]
  (-0.1,83] 1.000000000 0.647058824 0.267857143 0.041666667 0.000000000
  (83,99]   0.000000000 0.352941176 0.517857143 0.194444444 0.042253521
  (99,115]  0.000000000 0.000000000 0.214285714 0.402777778 0.042253521
  (115,134] 0.000000000 0.000000000 0.000000000 0.361111111 0.380281690
  (134,308] 0.000000000 0.000000000 0.000000000 0.000000000 0.535211268

, , hdl = (-0.1,40.8], trig = (72,93]

           chol
ldl          (-0.1,154]   (154,172]   (172,189]   (189,210]   (210,409]
  (-0.1,83] 0.454545455 0.000000000 0.000000000 0.000000000 0.000000000
  (83,99]   0.454545455 0.000000000 0.000000000 0.000000000 0.000000000
  (99,115]  0.090909091 0.696969697 0.000000000 0.000000000 0.000000000
  (115,134] 0.000000000 0.303030303 0.928571429 0.000000000 0.000000000
  (134,308] 0.000000000 0.000000000 0.071428571 1.000000000 1.000000000

, , hdl = (40.8,47.8], trig = (72,93]

           chol
ldl          (-0.1,154]   (154,172]   (172,189]   (189,210]   (210,409]
  (-0.1,83] 0.557692308 0.000000000 0.000000000 0.000000000 0.000000000
  (83,99]   0.442307692 0.420000000 0.000000000 0.000000000 0.000000000
  (99,115]  0.000000000 0.580000000 0.169811321 0.000000000 0.000000000
  (115,134] 0.000000000 0.000000000 0.830188679 0.375000000 0.000000000
  (134,308] 0.000000000 0.000000000 0.000000000 0.625000000 1.000000000

, , hdl = (47.8,55], trig = (72,93]

           chol
ldl          (-0.1,154]   (154,172]   (172,189]   (189,210]   (210,409]
  (-0.1,83] 0.739130435 0.000000000 0.000000000 0.000000000 0.000000000
  (83,99]   0.260869565 0.653846154 0.000000000 0.000000000 0.000000000
  (99,115]  0.000000000 0.346153846 0.719298246 0.000000000 0.000000000
  (115,134] 0.000000000 0.000000000 0.280701754 0.695652174 0.000000000
  (134,308] 0.000000000 0.000000000 0.000000000 0.304347826 1.000000000

, , hdl = (55,65], trig = (72,93]

           chol
ldl          (-0.1,154]   (154,172]   (172,189]   (189,210]   (210,409]
  (-0.1,83] 1.000000000 0.348837209 0.000000000 0.000000000 0.000000000
  (83,99]   0.000000000 0.627906977 0.162162162 0.000000000 0.000000000
  (99,115]  0.000000000 0.023255814 0.783783784 0.070175439 0.000000000
  (115,134] 0.000000000 0.000000000 0.054054054 0.842105263 0.069767442
  (134,308] 0.000000000 0.000000000 0.000000000 0.087719298 0.930232558

, , hdl = (65,167], trig = (72,93]

           chol
ldl          (-0.1,154]   (154,172]   (172,189]   (189,210]   (210,409]
  (-0.1,83] 1.000000000 0.892857143 0.111111111 0.000000000 0.017241379
  (83,99]   0.000000000 0.107142857 0.777777778 0.191489362 0.068965517
  (99,115]  0.000000000 0.000000000 0.111111111 0.489361702 0.051724138
  (115,134] 0.000000000 0.000000000 0.000000000 0.319148936 0.465517241
  (134,308] 0.000000000 0.000000000 0.000000000 0.000000000 0.396551724

, , hdl = (-0.1,40.8], trig = (93,134]

           chol
ldl          (-0.1,154]   (154,172]   (172,189]   (189,210]   (210,409]
  (-0.1,83] 0.531645570 0.000000000 0.000000000 0.000000000 0.000000000
  (83,99]   0.430379747 0.280701754 0.000000000 0.000000000 0.000000000
  (99,115]  0.037974684 0.684210526 0.109090909 0.000000000 0.000000000
  (115,134] 0.000000000 0.035087719 0.890909091 0.236842105 0.000000000
  (134,308] 0.000000000 0.000000000 0.000000000 0.763157895 1.000000000

, , hdl = (40.8,47.8], trig = (93,134]

           chol
ldl          (-0.1,154]   (154,172]   (172,189]   (189,210]   (210,409]
  (-0.1,83] 0.794117647 0.000000000 0.000000000 0.000000000 0.000000000
  (83,99]   0.205882353 0.549019608 0.000000000 0.000000000 0.000000000
  (99,115]  0.000000000 0.450980392 0.529411765 0.000000000 0.000000000
  (115,134] 0.000000000 0.000000000 0.470588235 0.464285714 0.000000000
  (134,308] 0.000000000 0.000000000 0.000000000 0.535714286 1.000000000

, , hdl = (47.8,55], trig = (93,134]

           chol
ldl          (-0.1,154]   (154,172]   (172,189]   (189,210]   (210,409]
  (-0.1,83] 1.000000000 0.133333333 0.000000000 0.000000000 0.000000000
  (83,99]   0.000000000 0.866666667 0.040816327 0.000000000 0.000000000
  (99,115]  0.000000000 0.000000000 0.918367347 0.037037037 0.000000000
  (115,134] 0.000000000 0.000000000 0.040816327 0.870370370 0.050000000
  (134,308] 0.000000000 0.000000000 0.000000000 0.092592593 0.950000000

, , hdl = (55,65], trig = (93,134]

           chol
ldl          (-0.1,154]   (154,172]   (172,189]   (189,210]   (210,409]
  (-0.1,83] 1.000000000 0.550000000 0.000000000 0.000000000 0.000000000
  (83,99]   0.000000000 0.450000000 0.459459459 0.000000000 0.000000000
  (99,115]  0.000000000 0.000000000 0.540540541 0.372093023 0.000000000
  (115,134] 0.000000000 0.000000000 0.000000000 0.627906977 0.145833333
  (134,308] 0.000000000 0.000000000 0.000000000 0.000000000 0.854166667

, , hdl = (65,167], trig = (93,134]

           chol
ldl          (-0.1,154]   (154,172]   (172,189]   (189,210]   (210,409]
  (-0.1,83] 1.000000000 1.000000000 0.320000000 0.029411765 0.068181818
  (83,99]   0.000000000 0.000000000 0.680000000 0.264705882 0.090909091
  (99,115]  0.000000000 0.000000000 0.000000000 0.588235294 0.068181818
  (115,134] 0.000000000 0.000000000 0.000000000 0.117647059 0.295454545
  (134,308] 0.000000000 0.000000000 0.000000000 0.000000000 0.477272727

, , hdl = (-0.1,40.8], trig = (134,1.13e+03]

           chol
ldl          (-0.1,154]   (154,172]   (172,189]   (189,210]   (210,409]
  (-0.1,83] 0.888888889 0.283333333 0.040404040 0.018181818 0.007042254
  (83,99]   0.097222222 0.416666667 0.181818182 0.090909091 0.007042254
  (99,115]  0.013888889 0.300000000 0.595959596 0.145454545 0.063380282
  (115,134] 0.000000000 0.000000000 0.171717172 0.554545455 0.183098592
  (134,308] 0.000000000 0.000000000 0.010101010 0.190909091 0.739436620

, , hdl = (40.8,47.8], trig = (134,1.13e+03]

           chol
ldl          (-0.1,154]   (154,172]   (172,189]   (189,210]   (210,409]
  (-0.1,83] 1.000000000 0.368421053 0.027777778 0.000000000 0.000000000
  (83,99]   0.000000000 0.578947368 0.305555556 0.018181818 0.020408163
  (99,115]  0.000000000 0.052631579 0.527777778 0.181818182 0.030612245
  (115,134] 0.000000000 0.000000000 0.138888889 0.672727273 0.081632653
  (134,308] 0.000000000 0.000000000 0.000000000 0.127272727 0.867346939

, , hdl = (47.8,55], trig = (134,1.13e+03]

           chol
ldl          (-0.1,154]   (154,172]   (172,189]   (189,210]   (210,409]
  (-0.1,83] 1.000000000 0.600000000 0.208333333 0.030303030 0.000000000
  (83,99]   0.000000000 0.400000000 0.541666667 0.030303030 0.000000000
  (99,115]  0.000000000 0.000000000 0.250000000 0.484848485 0.050000000
  (115,134] 0.000000000 0.000000000 0.000000000 0.424242424 0.300000000
  (134,308] 0.000000000 0.000000000 0.000000000 0.030303030 0.650000000

, , hdl = (55,65], trig = (134,1.13e+03]

           chol
ldl          (-0.1,154]   (154,172]   (172,189]   (189,210]   (210,409]
  (-0.1,83] 1.000000000 1.000000000 0.285714286 0.000000000 0.000000000
  (83,99]   0.000000000 0.000000000 0.714285714 0.192307692 0.000000000
  (99,115]  0.000000000 0.000000000 0.000000000 0.692307692 0.030303030
  (115,134] 0.000000000 0.000000000 0.000000000 0.115384615 0.333333333
  (134,308] 0.000000000 0.000000000 0.000000000 0.000000000 0.636363636

, , hdl = (65,167], trig = (134,1.13e+03]

           chol
ldl          (-0.1,154]   (154,172]   (172,189]   (189,210]   (210,409]
  (-0.1,83] 1.000000000 1.000000000 0.666666667 0.066666667 0.000000000
  (83,99]   0.000000000 0.000000000 0.333333333 0.466666667 0.080000000
  (99,115]  0.000000000 0.000000000 0.000000000 0.466666667 0.200000000
  (115,134] 0.000000000 0.000000000 0.000000000 0.000000000 0.200000000
  (134,308] 0.000000000 0.000000000 0.000000000 0.000000000 0.520000000


  Parameters of node hdl (multinomial distribution)

Conditional probability table:
 
, , bmi = (-0.1,22.8]

             sex
hdl             (-0.1,0]      (0,1]
  (-0.1,40.8] 0.16292135 0.02795031
  (40.8,47.8] 0.17134831 0.08695652
  (47.8,55]   0.24438202 0.20341615
  (55,65]     0.20786517 0.27484472
  (65,167]    0.21348315 0.40683230

, , bmi = (22.8,25.6]

             sex
hdl             (-0.1,0]      (0,1]
  (-0.1,40.8] 0.17958412 0.04375000
  (40.8,47.8] 0.25708885 0.09583333
  (47.8,55]   0.25708885 0.20208333
  (55,65]     0.16068053 0.28125000
  (65,167]    0.14555766 0.37708333

, , bmi = (25.6,28.6]

             sex
hdl             (-0.1,0]      (0,1]
  (-0.1,40.8] 0.30319149 0.09684685
  (40.8,47.8] 0.27836879 0.15315315
  (47.8,55]   0.19148936 0.21621622
  (55,65]     0.14184397 0.23198198
  (65,167]    0.08510638 0.30180180

, , bmi = (28.6,33.2]

             sex
hdl             (-0.1,0]      (0,1]
  (-0.1,40.8] 0.42549020 0.14400000
  (40.8,47.8] 0.25686275 0.19400000
  (47.8,55]   0.17450980 0.20400000
  (55,65]     0.09019608 0.26600000
  (65,167]    0.05294118 0.19200000

, , bmi = (33.2,154]

             sex
hdl             (-0.1,0]      (0,1]
  (-0.1,40.8] 0.53846154 0.20437956
  (40.8,47.8] 0.24000000 0.25985401
  (47.8,55]   0.13846154 0.24671533
  (55,65]     0.05846154 0.17226277
  (65,167]    0.02461538 0.11678832


  Parameters of node trig (multinomial distribution)

Conditional probability table:
 
, , hdl = (-0.1,40.8]

                race
trig               (-0.1,0]      (0,1]
  (-0.1,54]      0.05726872 0.01978417
  (54,72]        0.10792952 0.05215827
  (72,93]        0.18061674 0.10791367
  (93,134]       0.29955947 0.24100719
  (134,1.13e+03] 0.35462555 0.57913669

, , hdl = (40.8,47.8]

                race
trig               (-0.1,0]      (0,1]
  (-0.1,54]      0.15280464 0.07942974
  (54,72]        0.23210832 0.13441955
  (72,93]        0.21276596 0.24032587
  (93,134]       0.22437137 0.26883910
  (134,1.13e+03] 0.17794971 0.27698574

, , hdl = (47.8,55]

                race
trig               (-0.1,0]      (0,1]
  (-0.1,54]      0.28173913 0.15670103
  (54,72]        0.19652174 0.20206186
  (72,93]        0.22956522 0.23092784
  (93,134]       0.17913043 0.21649485
  (134,1.13e+03] 0.11304348 0.19381443

, , hdl = (55,65]

                race
trig               (-0.1,0]      (0,1]
  (-0.1,54]      0.30769231 0.23584906
  (54,72]        0.28754579 0.24528302
  (72,93]        0.19230769 0.22641509
  (93,134]       0.14468864 0.20047170
  (134,1.13e+03] 0.06776557 0.09198113

, , hdl = (65,167]

                race
trig               (-0.1,0]      (0,1]
  (-0.1,54]      0.40000000 0.33537832
  (54,72]        0.26200000 0.29243354
  (72,93]        0.19200000 0.16973415
  (93,134]       0.10200000 0.14519427
  (134,1.13e+03] 0.04400000 0.05725971


  Parameters of node glu (multinomial distribution)

Conditional probability table:
 
, , bmi = (-0.1,22.8]

           sex
glu           (-0.1,0]      (0,1]
  (-0.1,82] 0.33707865 0.40683230
  (82,88]   0.29494382 0.26708075
  (88,93]   0.17415730 0.16149068
  (93,100]  0.14044944 0.11180124
  (100,448] 0.05337079 0.05279503

, , bmi = (22.8,25.6]

           sex
glu           (-0.1,0]      (0,1]
  (-0.1,82] 0.17202268 0.32708333
  (82,88]   0.24952741 0.28125000
  (88,93]   0.20793951 0.19166667
  (93,100]  0.22873346 0.13125000
  (100,448] 0.14177694 0.06875000

, , bmi = (25.6,28.6]

           sex
glu           (-0.1,0]      (0,1]
  (-0.1,82] 0.12056738 0.23648649
  (82,88]   0.17553191 0.26126126
  (88,93]   0.21808511 0.19819820
  (93,100]  0.24468085 0.18468468
  (100,448] 0.24113475 0.11936937

, , bmi = (28.6,33.2]

           sex
glu           (-0.1,0]      (0,1]
  (-0.1,82] 0.04901961 0.17600000
  (82,88]   0.14705882 0.24200000
  (88,93]   0.18431373 0.21400000
  (93,100]  0.27058824 0.21800000
  (100,448] 0.34901961 0.15000000

, , bmi = (33.2,154]

           sex
glu           (-0.1,0]      (0,1]
  (-0.1,82] 0.05230769 0.13138686
  (82,88]   0.11384615 0.15620438
  (88,93]   0.08307692 0.18832117
  (93,100]  0.23692308 0.22919708
  (100,448] 0.51384615 0.29489051


  Parameters of node heavy (multinomial distribution)

Conditional probability table:
 
, , race = (-0.1,0]

               sex
heavy             (-0.1,0]      (0,1]
  (-0.1,0]      0.05643739 0.18175583
  (0,36]        0.05908289 0.15775034
  (36,114]      0.12610229 0.24279835
  (114,222]     0.19841270 0.19615912
  (222,372]     0.25308642 0.12688615
  (372,1.5e+03] 0.30687831 0.09465021

, , race = (0,1]

               sex
heavy             (-0.1,0]      (0,1]
  (-0.1,0]      0.04608696 0.09806950
  (0,36]        0.07913043 0.12586873
  (36,114]      0.17391304 0.21389961
  (114,222]     0.18260870 0.21235521
  (222,372]     0.24608696 0.19305019
  (372,1.5e+03] 0.27217391 0.15675676


  Parameters of node moder (multinomial distribution)

Conditional probability table:
 
           heavy
moder         (-0.1,0]     (0,36]   (36,114]  (114,222]  (222,372] (372,1.5e+03]
  (-0.1,0]  0.18271120 0.06352087 0.02874743 0.02510040 0.02288557    0.00499002
  (0,45]    0.27701375 0.32486388 0.21355236 0.12449799 0.10447761    0.04890220
  (45,88]   0.20235756 0.27223230 0.25975359 0.23995984 0.16417910    0.09580838
  (88,144]  0.19253438 0.17059891 0.24640657 0.28614458 0.24179104    0.17265469
  (144,208] 0.09626719 0.11615245 0.15195072 0.17570281 0.21791045    0.23353293
  (208,891] 0.04911591 0.05263158 0.09958932 0.14859438 0.24875622    0.44411178

  Parameters of node edu (multinomial distribution)

Conditional probability table:
 
           race
edu           (-0.1,0]      (0,1]
  (-0.1,12] 0.38927469 0.18445808
  (12,14]   0.29282407 0.18404908
  (14,15.3] 0.09104938 0.04703476
  (15.3,16] 0.14236111 0.27402863
  (16,40.3] 0.08449074 0.31042945

  Parameters of node smoker (multinomial distribution)

Conditional probability table:
 
, , edu = (-0.1,12]

          race
smoker       (-0.1,0]      (0,1]
  (-0.1,0] 0.41228940 0.31042129
  (0,1]    0.13082260 0.22394678
  (1,2]    0.45688801 0.46563193

, , edu = (12,14]

          race
smoker       (-0.1,0]      (0,1]
  (-0.1,0] 0.55862978 0.43555556
  (0,1]    0.12911726 0.24444444
  (1,2]    0.31225296 0.32000000

, , edu = (14,15.3]

          race
smoker       (-0.1,0]      (0,1]
  (-0.1,0] 0.55508475 0.46086957
  (0,1]    0.17796610 0.25217391
  (1,2]    0.26694915 0.28695652

, , edu = (15.3,16]

          race
smoker       (-0.1,0]      (0,1]
  (-0.1,0] 0.75880759 0.64328358
  (0,1]    0.10840108 0.24179104
  (1,2]    0.13279133 0.11492537

, , edu = (16,40.3]

          race
smoker       (-0.1,0]      (0,1]
  (-0.1,0] 0.74885845 0.70619236
  (0,1]    0.13242009 0.22661397
  (1,2]    0.11872146 0.06719368


  Parameters of node hbp (multinomial distribution)

Conditional probability table:
 
, , dbp = (-0.1,30]

       race
hbp        (-0.1,0] (0,1]
  (0,1] 1.000000000    0  
  (1,2] 0.000000000     0 
  (2,8] 0.000000000      0

, , dbp = (30,63]

       race
hbp        (-0.1,0]       (0,1]
  (0,1] 0.879265092 0.940000000
  (1,2] 0.110236220 0.053846154
  (2,8] 0.010498688 0.006153846

, , dbp = (63,68.7]

       race
hbp        (-0.1,0]       (0,1]
  (0,1] 0.843347639 0.905405405
  (1,2] 0.141630901 0.088803089
  (2,8] 0.015021459 0.005791506

, , dbp = (68.7,74]

       race
hbp        (-0.1,0]       (0,1]
  (0,1] 0.755027422 0.870656371
  (1,2] 0.221206581 0.119691120
  (2,8] 0.023765996 0.009652510

, , dbp = (74,81]

       race
hbp        (-0.1,0]       (0,1]
  (0,1] 0.673357664 0.769565217
  (1,2] 0.297445255 0.208695652
  (2,8] 0.029197080 0.021739130

, , dbp = (81,438]

       race
hbp        (-0.1,0]       (0,1]
  (0,1] 0.439137134 0.518394649
  (1,2] 0.533127889 0.451505017
  (2,8] 0.027734977 0.030100334


  Parameters of node cac (multinomial distribution)

Conditional probability table:
 
, , glu = (-0.1,82]

          sex
cac          (-0.1,0]      (0,1]
  (-0.1,0] 0.93146417 0.95868946
  (0,1]    0.06853583 0.04131054

, , glu = (82,88]

          sex
cac          (-0.1,0]      (0,1]
  (-0.1,0] 0.89508929 0.94930876
  (0,1]    0.10491071 0.05069124

, , glu = (88,93]

          sex
cac          (-0.1,0]      (0,1]
  (-0.1,0] 0.86298077 0.92115385
  (0,1]    0.13701923 0.07884615

, , glu = (93,100]

          sex
cac          (-0.1,0]      (0,1]
  (-0.1,0] 0.81106870 0.91511387
  (0,1]    0.18893130 0.08488613

, , glu = (100,448]

          sex
cac          (-0.1,0]      (0,1]
  (-0.1,0] 0.71130435 0.87657431
  (0,1]    0.28869565 0.12342569


