> aic.fit

  Bayesian network parameters

  Parameters of node sex (multinomial distribution)

Conditional probability table:
  (-0.1,0]     (0,1] 
0.4534445 0.5465555 

  Parameters of node race (multinomial distribution)

Conditional probability table:
 (-0.1,0]    (0,1] 
0.514592 0.485408 

  Parameters of node age (multinomial distribution)

Conditional probability table:
 (-0.1,41]   (41,44]   (44,46]   (46,49]  (49,188] 
0.2191781 0.2171928 0.1647806 0.2938257 0.1050228 

  Parameters of node bmi (multinomial distribution)

Conditional probability table:
 
, , race = (-0.1,0], dbp = (-0.1,30]

             sex
bmi           (-0.1,0]      (0,1]
  (-0.1,22.8]    0      1.00000000
  (22.8,25.6]     0     0.00000000
  (25.6,28.6]      0    0.00000000
  (28.6,33.2]       0   0.00000000
  (33.2,154]         0  0.00000000

, , race = (0,1], dbp = (-0.1,30]

             sex
bmi           (-0.1,0] (0,1]
  (-0.1,22.8]   0           0           
  (22.8,25.6]      0      0   
  (25.6,28.6]       0      0  
  (28.6,33.2]        0   0    
  (33.2,154]          0 0     

, , race = (-0.1,0], dbp = (30,63]

             sex
bmi             (-0.1,0]      (0,1]
  (-0.1,22.8] 0.30463576 0.26086957
  (22.8,25.6] 0.26490066 0.22608696
  (25.6,28.6] 0.25165563 0.23043478
  (28.6,33.2] 0.11258278 0.14347826
  (33.2,154]  0.06622517 0.13913043

, , race = (0,1], dbp = (30,63]

             sex
bmi             (-0.1,0]      (0,1]
  (-0.1,22.8] 0.17924528 0.46347032
  (22.8,25.6] 0.32075472 0.27397260
  (25.6,28.6] 0.28301887 0.13698630
  (28.6,33.2] 0.17452830 0.07534247
  (33.2,154]  0.04245283 0.05022831

, , race = (-0.1,0], dbp = (63,68.7]

             sex
bmi             (-0.1,0]      (0,1]
  (-0.1,22.8] 0.29591837 0.25185185
  (22.8,25.6] 0.23979592 0.16666667
  (25.6,28.6] 0.21428571 0.15925926
  (28.6,33.2] 0.19387755 0.18518519
  (33.2,154]  0.05612245 0.23703704

, , race = (0,1], dbp = (63,68.7]

             sex
bmi             (-0.1,0]      (0,1]
  (-0.1,22.8] 0.17370892 0.34098361
  (22.8,25.6] 0.30985915 0.22950820
  (25.6,28.6] 0.32394366 0.16065574
  (28.6,33.2] 0.14553991 0.16065574
  (33.2,154]  0.04694836 0.10819672

, , race = (-0.1,0], dbp = (68.7,74]

             sex
bmi             (-0.1,0]      (0,1]
  (-0.1,22.8] 0.16101695 0.15755627
  (22.8,25.6] 0.28389831 0.13504823
  (25.6,28.6] 0.25000000 0.15112540
  (28.6,33.2] 0.19915254 0.23794212
  (33.2,154]  0.10593220 0.31832797

, , race = (0,1], dbp = (68.7,74]

             sex
bmi             (-0.1,0]      (0,1]
  (-0.1,22.8] 0.12267658 0.27309237
  (22.8,25.6] 0.28624535 0.16867470
  (25.6,28.6] 0.26765799 0.20080321
  (28.6,33.2] 0.23791822 0.15662651
  (33.2,154]  0.08550186 0.20080321

, , race = (-0.1,0], dbp = (74,81]

             sex
bmi             (-0.1,0]      (0,1]
  (-0.1,22.8] 0.13909774 0.09574468
  (22.8,25.6] 0.19172932 0.12411348
  (25.6,28.6] 0.20676692 0.09574468
  (28.6,33.2] 0.27443609 0.29078014
  (33.2,154]  0.18796992 0.39361702

, , race = (0,1], dbp = (74,81]

             sex
bmi             (-0.1,0]      (0,1]
  (-0.1,22.8] 0.10676157 0.20670391
  (22.8,25.6] 0.16725979 0.15642458
  (25.6,28.6] 0.27758007 0.18435754
  (28.6,33.2] 0.28113879 0.18994413
  (33.2,154]  0.16725979 0.26256983

, , race = (-0.1,0], dbp = (81,438]

             sex
bmi             (-0.1,0]      (0,1]
  (-0.1,22.8] 0.10175439 0.05219780
  (22.8,25.6] 0.15789474 0.08791209
  (25.6,28.6] 0.17894737 0.15384615
  (28.6,33.2] 0.25263158 0.23626374
  (33.2,154]  0.30877193 0.46978022

, , race = (0,1], dbp = (81,438]

             sex
bmi             (-0.1,0]      (0,1]
  (-0.1,22.8] 0.05714286 0.06451613
  (22.8,25.6] 0.12000000 0.11290323
  (25.6,28.6] 0.22857143 0.20967742
  (28.6,33.2] 0.29714286 0.16129032
  (33.2,154]  0.29714286 0.45161290


  Parameters of node sbp (multinomial distribution)

Conditional probability table:
 
, , race = (-0.1,0], age = (-0.1,41]

            sex
sbp            (-0.1,0]      (0,1]
  (-0.1,103] 0.07961783 0.28536585
  (103,110]  0.20382166 0.24878049
  (110,117]  0.24203822 0.15853659
  (117,125]  0.26114650 0.17317073
  (125,219]  0.21337580 0.13414634

, , race = (0,1], age = (-0.1,41]

            sex
sbp            (-0.1,0]      (0,1]
  (-0.1,103] 0.09142857 0.49268293
  (103,110]  0.23428571 0.24390244
  (110,117]  0.26857143 0.09756098
  (117,125]  0.24571429 0.12195122
  (125,219]  0.16000000 0.04390244

, , race = (-0.1,0], age = (41,44]

            sex
sbp            (-0.1,0]      (0,1]
  (-0.1,103] 0.04676259 0.21806854
  (103,110]  0.15827338 0.23364486
  (110,117]  0.23021583 0.18691589
  (117,125]  0.30575540 0.19003115
  (125,219]  0.25899281 0.17133956

, , race = (0,1], age = (41,44]

            sex
sbp            (-0.1,0]      (0,1]
  (-0.1,103] 0.06967213 0.37450199
  (103,110]  0.26639344 0.27091633
  (110,117]  0.23770492 0.14342629
  (117,125]  0.28688525 0.12350598
  (125,219]  0.13934426 0.08764940

, , race = (-0.1,0], age = (44,46]

            sex
sbp            (-0.1,0]      (0,1]
  (-0.1,103] 0.05357143 0.20098039
  (103,110]  0.16666667 0.16666667
  (110,117]  0.20833333 0.20588235
  (117,125]  0.27976190 0.15686275
  (125,219]  0.29166667 0.26960784

, , race = (0,1], age = (44,46]

            sex
sbp            (-0.1,0]      (0,1]
  (-0.1,103] 0.09905660 0.41463415
  (103,110]  0.18867925 0.26829268
  (110,117]  0.24528302 0.12601626
  (117,125]  0.29716981 0.10162602
  (125,219]  0.16981132 0.08943089

, , race = (-0.1,0], age = (46,49]

            sex
sbp            (-0.1,0]      (0,1]
  (-0.1,103] 0.07368421 0.17647059
  (103,110]  0.14736842 0.14705882
  (110,117]  0.20000000 0.20855615
  (117,125]  0.24912281 0.18983957
  (125,219]  0.32982456 0.27807487

, , race = (0,1], age = (46,49]

            sex
sbp            (-0.1,0]      (0,1]
  (-0.1,103] 0.10416667 0.38215103
  (103,110]  0.20052083 0.21739130
  (110,117]  0.22916667 0.16933638
  (117,125]  0.24739583 0.14645309
  (125,219]  0.21875000 0.08466819

, , race = (-0.1,0], age = (49,188]

            sex
sbp            (-0.1,0]      (0,1]
  (-0.1,103] 0.06741573 0.16107383
  (103,110]  0.13483146 0.12751678
  (110,117]  0.19101124 0.14093960
  (117,125]  0.29213483 0.21476510
  (125,219]  0.31460674 0.35570470

, , race = (0,1], age = (49,188]

            sex
sbp            (-0.1,0]      (0,1]
  (-0.1,103] 0.13333333 0.27564103
  (103,110]  0.14814815 0.27564103
  (110,117]  0.17777778 0.16025641
  (117,125]  0.28888889 0.13461538
  (125,219]  0.25185185 0.15384615


  Parameters of node dbp (multinomial distribution)

Conditional probability table:
 
, , sbp = (-0.1,103]

           sex
dbp            (-0.1,0]       (0,1]
  (-0.1,30] 0.000000000 0.001212121
  (30,63]   0.596774194 0.596363636
  (63,68.7] 0.252688172 0.267878788
  (68.7,74] 0.129032258 0.120000000
  (74,81]   0.021505376 0.014545455
  (81,438]  0.000000000 0.000000000

, , sbp = (103,110]

           sex
dbp            (-0.1,0]       (0,1]
  (-0.1,30] 0.000000000 0.000000000
  (30,63]   0.346420323 0.209225700
  (63,68.7] 0.318706697 0.367380560
  (68.7,74] 0.235565820 0.326194399
  (74,81]   0.094688222 0.090609555
  (81,438]  0.004618938 0.006589786

, , sbp = (110,117]

           sex
dbp            (-0.1,0]       (0,1]
  (-0.1,30] 0.000000000 0.000000000
  (30,63]   0.140926641 0.086283186
  (63,68.7] 0.237451737 0.192477876
  (68.7,74] 0.341698842 0.358407080
  (74,81]   0.237451737 0.296460177
  (81,438]  0.042471042 0.066371681

, , sbp = (117,125]

           sex
dbp            (-0.1,0]       (0,1]
  (-0.1,30] 0.000000000 0.000000000
  (30,63]   0.043478261 0.018475751
  (63,68.7] 0.144927536 0.090069284
  (68.7,74] 0.259259259 0.191685912
  (74,81]   0.386473430 0.434180139
  (81,438]  0.165861514 0.265588915

, , sbp = (125,219]

           sex
dbp            (-0.1,0]       (0,1]
  (-0.1,30] 0.000000000 0.000000000
  (30,63]   0.003802281 0.004587156
  (63,68.7] 0.020912548 0.011467890
  (68.7,74] 0.077946768 0.041284404
  (74,81]   0.264258555 0.165137615
  (81,438]  0.633079848 0.777522936


  Parameters of node chol (multinomial distribution)

Conditional probability table:
 
, , hdl = (-0.1,40.8]

            bmi
chol         (-0.1,22.8] (22.8,25.6] (25.6,28.6] (28.6,33.2] (33.2,154]
  (-0.1,154]  0.43421053  0.36206897  0.20093458  0.23183391 0.26666667
  (154,172]   0.21052632  0.20689655  0.13084112  0.14532872 0.20952381
  (172,189]   0.17105263  0.17241379  0.20560748  0.23529412 0.17142857
  (189,210]   0.10526316  0.13793103  0.23364486  0.16955017 0.14603175
  (210,409]   0.07894737  0.12068966  0.22897196  0.21799308 0.20634921

, , hdl = (40.8,47.8]

            bmi
chol         (-0.1,22.8] (22.8,25.6] (25.6,28.6] (28.6,33.2] (33.2,154]
  (-0.1,154]  0.37606838  0.30769231  0.16888889  0.15350877 0.28515625
  (154,172]   0.29059829  0.19780220  0.16888889  0.17543860 0.17578125
  (172,189]   0.17094017  0.20329670  0.20888889  0.16228070 0.22265625
  (189,210]   0.11111111  0.14285714  0.21333333  0.25877193 0.14453125
  (210,409]   0.05128205  0.14835165  0.24000000  0.25000000 0.17187500

, , hdl = (47.8,55]

            bmi
chol         (-0.1,22.8] (22.8,25.6] (25.6,28.6] (28.6,33.2] (33.2,154]
  (-0.1,154]  0.39908257  0.23175966  0.19117647  0.13089005 0.13551402
  (154,172]   0.18807339  0.24034335  0.20588235  0.18848168 0.17757009
  (172,189]   0.19266055  0.19742489  0.20098039  0.21989529 0.23831776
  (189,210]   0.13761468  0.17596567  0.15196078  0.19371728 0.21495327
  (210,409]   0.08256881  0.15450644  0.25000000  0.26701571 0.23364486

, , hdl = (55,65]

            bmi
chol         (-0.1,22.8] (22.8,25.6] (25.6,28.6] (28.6,33.2] (33.2,154]
  (-0.1,154]  0.28685259  0.18181818  0.16939891  0.12849162 0.13868613
  (154,172]   0.31872510  0.22272727  0.16939891  0.17877095 0.21897810
  (172,189]   0.14741036  0.24090909  0.19125683  0.17318436 0.21167883
  (189,210]   0.14741036  0.22272727  0.26775956  0.26815642 0.21897810
  (210,409]   0.09960159  0.13181818  0.20218579  0.25139665 0.21167883

, , hdl = (65,167]

            bmi
chol         (-0.1,22.8] (22.8,25.6] (25.6,28.6] (28.6,33.2] (33.2,154]
  (-0.1,154]  0.14201183  0.08527132  0.09890110  0.08130081 0.04545455
  (154,172]   0.22485207  0.18992248  0.18681319  0.16260163 0.14772727
  (172,189]   0.23668639  0.19767442  0.20879121  0.15447154 0.22727273
  (189,210]   0.22781065  0.22868217  0.23626374  0.32520325 0.21590909
  (210,409]   0.16863905  0.29844961  0.26923077  0.27642276 0.36363636


  Parameters of node ldl (multinomial distribution)

Conditional probability table:
 
, , hdl = (-0.1,40.8]

           chol
ldl          (-0.1,154]   (154,172]   (172,189]   (189,210]   (210,409]
  (-0.1,83] 0.591078067 0.096590909 0.020100503 0.011834320 0.005076142
  (83,99]   0.356877323 0.232954545 0.090452261 0.059171598 0.005076142
  (99,115]  0.052044610 0.539772727 0.326633166 0.094674556 0.045685279
  (115,134] 0.000000000 0.130681818 0.522613065 0.414201183 0.131979695
  (134,308] 0.000000000 0.000000000 0.040201005 0.420118343 0.812182741

, , hdl = (40.8,47.8]

           chol
ldl          (-0.1,154]   (154,172]   (172,189]   (189,210]   (210,409]
  (-0.1,83] 0.585365854 0.036269430 0.005050505 0.000000000 0.000000000
  (83,99]   0.390243902 0.347150259 0.055555556 0.005464481 0.010638298
  (99,115]  0.024390244 0.590673575 0.287878788 0.054644809 0.015957447
  (115,134] 0.000000000 0.025906736 0.646464646 0.459016393 0.042553191
  (134,308] 0.000000000 0.000000000 0.005050505 0.480874317 0.930851064

, , hdl = (47.8,55]

           chol
ldl          (-0.1,154]   (154,172]   (172,189]   (189,210]   (210,409]
  (-0.1,83] 0.709401709 0.061032864 0.022522523 0.005405405 0.000000000
  (83,99]   0.290598291 0.568075117 0.067567568 0.005405405 0.000000000
  (99,115]  0.000000000 0.370892019 0.608108108 0.097297297 0.019417476
  (115,134] 0.000000000 0.000000000 0.301801802 0.648648649 0.131067961
  (134,308] 0.000000000 0.000000000 0.000000000 0.243243243 0.849514563

, , hdl = (55,65]

           chol
ldl          (-0.1,154]   (154,172]   (172,189]   (189,210]   (210,409]
  (-0.1,83] 0.913513514 0.166666667 0.010810811 0.000000000 0.000000000
  (83,99]   0.086486486 0.738738739 0.178378378 0.023474178 0.000000000
  (99,115]  0.000000000 0.094594595 0.697297297 0.187793427 0.006060606
  (115,134] 0.000000000 0.000000000 0.113513514 0.708920188 0.127272727
  (134,308] 0.000000000 0.000000000 0.000000000 0.079812207 0.866666667

, , hdl = (65,167]

           chol
ldl          (-0.1,154]   (154,172]   (172,189]   (189,210]   (210,409]
  (-0.1,83] 1.000000000 0.713541667 0.240384615 0.033613445 0.020080321
  (83,99]   0.000000000 0.286458333 0.567307692 0.205882353 0.060240964
  (99,115]  0.000000000 0.000000000 0.192307692 0.495798319 0.084337349
  (115,134] 0.000000000 0.000000000 0.000000000 0.264705882 0.353413655
  (134,308] 0.000000000 0.000000000 0.000000000 0.000000000 0.481927711


  Parameters of node hdl (multinomial distribution)

Conditional probability table:
 
, , race = (-0.1,0], bmi = (-0.1,22.8]

             sex
hdl             (-0.1,0]      (0,1]
  (-0.1,40.8] 0.11057692 0.01785714
  (40.8,47.8] 0.12980769 0.11607143
  (47.8,55]   0.26442308 0.25000000
  (55,65]     0.21634615 0.26785714
  (65,167]    0.27884615 0.34821429

, , race = (0,1], bmi = (-0.1,22.8]

             sex
hdl             (-0.1,0]      (0,1]
  (-0.1,40.8] 0.23648649 0.03333333
  (40.8,47.8] 0.22972973 0.07142857
  (47.8,55]   0.21621622 0.17857143
  (55,65]     0.19594595 0.27857143
  (65,167]    0.12162162 0.43809524

, , race = (-0.1,0], bmi = (22.8,25.6]

             sex
hdl             (-0.1,0]      (0,1]
  (-0.1,40.8] 0.13200000 0.05339806
  (40.8,47.8] 0.23600000 0.08252427
  (47.8,55]   0.23600000 0.19902913
  (55,65]     0.20400000 0.33495146
  (65,167]    0.19200000 0.33009709

, , race = (0,1], bmi = (22.8,25.6]

             sex
hdl             (-0.1,0]      (0,1]
  (-0.1,40.8] 0.22222222 0.03649635
  (40.8,47.8] 0.27598566 0.10583942
  (47.8,55]   0.27598566 0.20437956
  (55,65]     0.12186380 0.24087591
  (65,167]    0.10394265 0.41240876

, , race = (-0.1,0], bmi = (25.6,28.6]

             sex
hdl             (-0.1,0]      (0,1]
  (-0.1,40.8] 0.22040816 0.10619469
  (40.8,47.8] 0.27755102 0.14159292
  (47.8,55]   0.19183673 0.23451327
  (55,65]     0.18367347 0.23451327
  (65,167]    0.12653061 0.28318584

, , race = (0,1], bmi = (25.6,28.6]

             sex
hdl             (-0.1,0]      (0,1]
  (-0.1,40.8] 0.36677116 0.08715596
  (40.8,47.8] 0.27899687 0.16513761
  (47.8,55]   0.19122257 0.19724771
  (55,65]     0.10971787 0.22935780
  (65,167]    0.05329154 0.32110092

, , race = (-0.1,0], bmi = (28.6,33.2]

             sex
hdl             (-0.1,0]      (0,1]
  (-0.1,40.8] 0.34008097 0.15384615
  (40.8,47.8] 0.26315789 0.18461538
  (47.8,55]   0.19028340 0.19384615
  (55,65]     0.12145749 0.28000000
  (65,167]    0.08502024 0.18769231

, , race = (0,1], bmi = (28.6,33.2]

             sex
hdl             (-0.1,0]      (0,1]
  (-0.1,40.8] 0.50570342 0.12571429
  (40.8,47.8] 0.25095057 0.21142857
  (47.8,55]   0.15969582 0.22285714
  (55,65]     0.06083650 0.24000000
  (65,167]    0.02281369 0.20000000

, , race = (-0.1,0], bmi = (33.2,154]

             sex
hdl             (-0.1,0]      (0,1]
  (-0.1,40.8] 0.46195652 0.18029350
  (40.8,47.8] 0.25543478 0.24318658
  (47.8,55]   0.16847826 0.25786164
  (55,65]     0.08152174 0.18238994
  (65,167]    0.03260870 0.13626834

, , race = (0,1], bmi = (33.2,154]

             sex
hdl             (-0.1,0]      (0,1]
  (-0.1,40.8] 0.63829787 0.25961538
  (40.8,47.8] 0.21985816 0.29807692
  (47.8,55]   0.09929078 0.22115385
  (55,65]     0.02836879 0.14903846
  (65,167]    0.01418440 0.07211538


  Parameters of node trig (multinomial distribution)

Conditional probability table:
 
, , ldl = (-0.1,83], hdl = (-0.1,40.8]

                chol
trig              (-0.1,154]   (154,172]   (172,189]   (189,210]   (210,409]
  (-0.1,54]      0.062893082 0.000000000 0.000000000 0.000000000 0.000000000
  (54,72]        0.113207547 0.000000000 0.000000000 0.000000000 0.000000000
  (72,93]        0.157232704 0.000000000 0.000000000 0.000000000 0.000000000
  (93,134]       0.264150943 0.000000000 0.000000000 0.000000000 0.000000000
  (134,1.13e+03] 0.402515723 1.000000000 1.000000000 1.000000000 1.000000000

, , ldl = (83,99], hdl = (-0.1,40.8]

                chol
trig              (-0.1,154]   (154,172]   (172,189]   (189,210]   (210,409]
  (-0.1,54]      0.156250000 0.000000000 0.000000000 0.000000000 0.000000000
  (54,72]        0.156250000 0.000000000 0.000000000 0.000000000 0.000000000
  (72,93]        0.260416667 0.000000000 0.000000000 0.000000000 0.000000000
  (93,134]       0.354166667 0.390243902 0.000000000 0.000000000 0.000000000
  (134,1.13e+03] 0.072916667 0.609756098 1.000000000 1.000000000 1.000000000

, , ldl = (99,115], hdl = (-0.1,40.8]

                chol
trig              (-0.1,154]   (154,172]   (172,189]   (189,210]   (210,409]
  (-0.1,54]      0.214285714 0.021052632 0.000000000 0.000000000 0.000000000
  (54,72]        0.142857143 0.136842105 0.000000000 0.000000000 0.000000000
  (72,93]        0.357142857 0.242105263 0.000000000 0.000000000 0.000000000
  (93,134]       0.214285714 0.410526316 0.092307692 0.000000000 0.000000000
  (134,1.13e+03] 0.071428571 0.189473684 0.907692308 1.000000000 1.000000000

, , ldl = (115,134], hdl = (-0.1,40.8]

                chol
trig             (-0.1,154]   (154,172]   (172,189]   (189,210]   (210,409]
  (-0.1,54]       0          0.043478261 0.028846154 0.000000000 0.000000000
  (54,72]          0         0.434782609 0.086538462 0.000000000 0.000000000
  (72,93]           0        0.434782609 0.250000000 0.000000000 0.000000000
  (93,134]           0       0.086956522 0.471153846 0.128571429 0.000000000
  (134,1.13e+03]      0      0.000000000 0.163461538 0.871428571 1.000000000

, , ldl = (134,308], hdl = (-0.1,40.8]

                chol
trig             (-0.1,154] (154,172]   (172,189]   (189,210]   (210,409]
  (-0.1,54]       0 0                   0.250000000 0.014084507 0.000000000
  (54,72]            0 0                0.375000000 0.056338028 0.025000000
  (72,93]                0 0            0.250000000 0.225352113 0.062500000
  (93,134]                   0 0        0.000000000 0.408450704 0.256250000
  (134,1.13e+03]                0 0     0.125000000 0.295774648 0.656250000

, , ldl = (-0.1,83], hdl = (40.8,47.8]

                chol
trig              (-0.1,154]   (154,172]   (172,189] (189,210] (210,409]
  (-0.1,54]      0.222222222 0.000000000 0.000000000    0 0               
  (54,72]        0.250000000 0.000000000 0.000000000       0 0            
  (72,93]        0.201388889 0.000000000 0.000000000          0 0         
  (93,134]       0.187500000 0.000000000 0.000000000              0 0     
  (134,1.13e+03] 0.138888889 1.000000000 1.000000000                 0 0  

, , ldl = (83,99], hdl = (40.8,47.8]

                chol
trig              (-0.1,154]   (154,172]   (172,189]   (189,210]   (210,409]
  (-0.1,54]      0.322916667 0.014925373 0.000000000 0.000000000 0.000000000
  (54,72]        0.364583333 0.089552239 0.000000000 0.000000000 0.000000000
  (72,93]        0.239583333 0.313432836 0.000000000 0.000000000 0.000000000
  (93,134]       0.072916667 0.417910448 0.000000000 0.000000000 0.000000000
  (134,1.13e+03] 0.000000000 0.164179104 1.000000000 1.000000000 1.000000000

, , ldl = (99,115], hdl = (40.8,47.8]

                chol
trig              (-0.1,154]   (154,172]   (172,189]   (189,210]   (210,409]
  (-0.1,54]      0.833333333 0.157894737 0.017543860 0.000000000 0.000000000
  (54,72]        0.166666667 0.377192982 0.017543860 0.000000000 0.000000000
  (72,93]        0.000000000 0.254385965 0.157894737 0.000000000 0.000000000
  (93,134]       0.000000000 0.201754386 0.473684211 0.000000000 0.000000000
  (134,1.13e+03] 0.000000000 0.008771930 0.333333333 1.000000000 1.000000000

, , ldl = (115,134], hdl = (40.8,47.8]

                chol
trig             (-0.1,154]   (154,172]   (172,189]   (189,210]   (210,409]
  (-0.1,54]        0         0.400000000 0.164062500 0.000000000 0.000000000
  (54,72]           0        0.600000000 0.265625000 0.035714286 0.000000000
  (72,93]            0       0.000000000 0.343750000 0.214285714 0.000000000
  (93,134]            0      0.000000000 0.187500000 0.309523810 0.000000000
  (134,1.13e+03]       0     0.000000000 0.039062500 0.440476190 1.000000000

, , ldl = (134,308], hdl = (40.8,47.8]

                chol
trig             (-0.1,154] (154,172]   (172,189]   (189,210]   (210,409]
  (-0.1,54]    0 0                      1.000000000 0.045454545 0.011428571
  (54,72]         0 0                   0.000000000 0.193181818 0.040000000
  (72,93]            0 0                0.000000000 0.340909091 0.142857143
  (93,134]              0 0             0.000000000 0.340909091 0.320000000
  (134,1.13e+03]            0 0         0.000000000 0.079545455 0.485714286

, , ldl = (-0.1,83], hdl = (47.8,55]

                chol
trig              (-0.1,154]   (154,172]   (172,189]   (189,210] (210,409]
  (-0.1,54]      0.439759036 0.000000000 0.000000000 0.000000000  0        
  (54,72]        0.222891566 0.000000000 0.000000000 0.000000000   0       
  (72,93]        0.204819277 0.000000000 0.000000000 0.000000000    0      
  (93,134]       0.090361446 0.307692308 0.000000000 0.000000000     0     
  (134,1.13e+03] 0.042168675 0.692307692 1.000000000 1.000000000      0    

, , ldl = (83,99], hdl = (47.8,55]

                chol
trig              (-0.1,154]   (154,172]   (172,189]   (189,210] (210,409]
  (-0.1,54]      0.573529412 0.190082645 0.000000000 0.000000000     0     
  (54,72]        0.250000000 0.264462810 0.000000000 0.000000000      0    
  (72,93]        0.176470588 0.280991736 0.000000000 0.000000000       0   
  (93,134]       0.000000000 0.214876033 0.133333333 0.000000000        0  
  (134,1.13e+03] 0.000000000 0.049586777 0.866666667 1.000000000         0 

, , ldl = (99,115], hdl = (47.8,55]

                chol
trig             (-0.1,154]   (154,172]   (172,189]   (189,210]   (210,409]
  (-0.1,54]        0         0.544303797 0.088888889 0.000000000 0.000000000
  (54,72]           0        0.227848101 0.229629630 0.000000000 0.000000000
  (72,93]            0       0.227848101 0.303703704 0.000000000 0.000000000
  (93,134]            0      0.000000000 0.333333333 0.111111111 0.000000000
  (134,1.13e+03]       0     0.000000000 0.044444444 0.888888889 1.000000000

, , ldl = (115,134], hdl = (47.8,55]

                chol
trig             (-0.1,154] (154,172]   (172,189]   (189,210]   (210,409]
  (-0.1,54]          0 0                0.417910448 0.025000000 0.000000000
  (54,72]               0 0             0.313432836 0.200000000 0.000000000
  (72,93]                  0 0          0.238805970 0.266666667 0.000000000
  (93,134]                      0 0     0.029850746 0.391666667 0.111111111
  (134,1.13e+03]                   0 0  0.000000000 0.116666667 0.888888889

, , ldl = (134,308], hdl = (47.8,55]

                chol
trig             (-0.1,154] (154,172] (172,189]   (189,210]   (210,409]
  (-0.1,54]          0         0 0                 0.200000000 0.045714286
  (54,72]             0       0   0                0.355555556 0.085714286
  (72,93]              0    0      0               0.311111111 0.245714286
  (93,134]              0    0      0              0.111111111 0.325714286
  (134,1.13e+03]         0 0         0             0.022222222 0.297142857

, , ldl = (-0.1,83], hdl = (55,65]

                chol
trig              (-0.1,154]   (154,172]   (172,189] (189,210] (210,409]
  (-0.1,54]      0.479289941 0.054054054 0.000000000     0          0     
  (54,72]        0.278106509 0.081081081 0.000000000      0        0      
  (72,93]        0.124260355 0.405405405 0.000000000       0      0       
  (93,134]       0.094674556 0.297297297 0.000000000        0    0        
  (134,1.13e+03] 0.023668639 0.162162162 1.000000000         0  0         

, , ldl = (83,99], hdl = (55,65]

                chol
trig              (-0.1,154]   (154,172]   (172,189]   (189,210] (210,409]
  (-0.1,54]      0.937500000 0.371951220 0.090909091 0.000000000   0       
  (54,72]        0.062500000 0.408536585 0.060606061 0.000000000    0      
  (72,93]        0.000000000 0.164634146 0.181818182 0.000000000     0     
  (93,134]       0.000000000 0.054878049 0.515151515 0.000000000      0    
  (134,1.13e+03] 0.000000000 0.000000000 0.151515152 1.000000000      0   

, , ldl = (99,115], hdl = (55,65]

                chol
trig             (-0.1,154]   (154,172]   (172,189]   (189,210]   (210,409]
  (-0.1,54]       0          0.714285714 0.294573643 0.000000000 0.000000000
  (54,72]          0         0.238095238 0.325581395 0.050000000 0.000000000
  (72,93]           0        0.047619048 0.224806202 0.100000000 0.000000000
  (93,134]           0       0.000000000 0.155038760 0.400000000 0.000000000
  (134,1.13e+03]      0      0.000000000 0.000000000 0.450000000 1.000000000

, , ldl = (115,134], hdl = (55,65]

                chol
trig             (-0.1,154] (154,172]   (172,189]   (189,210]   (210,409]
  (-0.1,54]        0          0         0.571428571 0.158940397 0.000000000
  (54,72]           0        0          0.333333333 0.324503311 0.000000000
  (72,93]            0      0           0.095238095 0.317880795 0.142857143
  (93,134]            0    0            0.000000000 0.178807947 0.333333333
  (134,1.13e+03]       0  0             0.000000000 0.019867550 0.523809524

, , ldl = (134,308], hdl = (55,65]

                chol
trig             (-0.1,154] (154,172] (172,189]   (189,210]   (210,409]
  (-0.1,54]         0 0 0                             0.235294118 0.090909091
  (54,72]                 0 0  0                      0.470588235 0.195804196
  (72,93]                       0 0 0                 0.294117647 0.279720280
  (93,134]                            0 0 0           0.000000000 0.286713287
  (134,1.13e+03]                            0  0  0   0.000000000 0.146853147

, , ldl = (-0.1,83], hdl = (65,167]

                chol
trig              (-0.1,154]   (154,172]   (172,189]   (189,210]   (210,409]
  (-0.1,54]      0.617647059 0.445255474 0.380000000 0.375000000 0.200000000
  (54,72]        0.235294118 0.240875912 0.300000000 0.375000000 0.000000000
  (72,93]        0.098039216 0.182481752 0.080000000 0.000000000 0.200000000
  (93,134]       0.039215686 0.109489051 0.160000000 0.125000000 0.600000000
  (134,1.13e+03] 0.009803922 0.021897810 0.080000000 0.125000000 0.000000000

, , ldl = (83,99], hdl = (65,167]

                chol
trig             (-0.1,154]   (154,172]   (172,189]   (189,210]   (210,409]
  (-0.1,54]      0           0.618181818 0.355932203 0.204081633 0.133333333
  (54,72]         0          0.327272727 0.245762712 0.285714286 0.200000000
  (72,93]          0         0.054545455 0.237288136 0.183673469 0.266666667
  (93,134]          0        0.000000000 0.144067797 0.183673469 0.266666667
  (134,1.13e+03]     0       0.000000000 0.016949153 0.142857143 0.133333333

, , ldl = (99,115], hdl = (65,167]

                chol
trig             (-0.1,154] (154,172]   (172,189]   (189,210]   (210,409]
  (-0.1,54]        0 0                  0.600000000 0.330508475 0.333333333
  (54,72]             0    0            0.300000000 0.245762712 0.142857143
  (72,93]              0 0             0.100000000 0.194915254 0.142857143
  (93,134]                  0 0         0.000000000 0.169491525 0.142857143
  (134,1.13e+03]               0 0      0.000000000 0.059322034 0.238095238

, , ldl = (115,134], hdl = (65,167]

                chol
trig             (-0.1,154] (154,172] (172,189]   (189,210]   (210,409]
  (-0.1,54]        0 0 0                           0.285714286 0.181818182
  (54,72]               0 0 0                      0.412698413 0.306818182
  (72,93]                     0 0  0               0.238095238 0.306818182
  (93,134]                       0  0 0            0.063492063 0.147727273
  (134,1.13e+03]                     0 0  0        0.000000000 0.056818182

, , ldl = (134,308], hdl = (65,167]

                chol
trig             (-0.1,154] (154,172] (172,189] (189,210]   (210,409]
  (-0.1,54]        0  0 0 0                                   0.208333333
  (54,72]                  0 0 0 0                            0.316666667
  (72,93]                         0 0 0 0                     0.191666667
  (93,134]                               0 0 0 0              0.175000000
  (134,1.13e+03]                                 0 0 0 0      0.108333333


  Parameters of node glu (multinomial distribution)

Conditional probability table:
 
, , bmi = (-0.1,22.8], trig = (-0.1,54]

           sex
glu           (-0.1,0]      (0,1]
  (-0.1,82] 0.40000000 0.40080972
  (82,88]   0.29090909 0.31578947
  (88,93]   0.17272727 0.17004049
  (93,100]  0.10909091 0.08906883
  (100,448] 0.02727273 0.02429150

, , bmi = (22.8,25.6], trig = (-0.1,54]

           sex
glu           (-0.1,0]      (0,1]
  (-0.1,82] 0.23584906 0.37931034
  (82,88]   0.39622642 0.28275862
  (88,93]   0.15094340 0.17931034
  (93,100]  0.12264151 0.11724138
  (100,448] 0.09433962 0.04137931

, , bmi = (25.6,28.6], trig = (-0.1,54]

           sex
glu           (-0.1,0]      (0,1]
  (-0.1,82] 0.14285714 0.28925620
  (82,88]   0.31428571 0.28099174
  (88,93]   0.25714286 0.24793388
  (93,100]  0.11428571 0.13223140
  (100,448] 0.17142857 0.04958678

, , bmi = (28.6,33.2], trig = (-0.1,54]

           sex
glu           (-0.1,0]      (0,1]
  (-0.1,82] 0.07500000 0.32142857
  (82,88]   0.20000000 0.34523810
  (88,93]   0.30000000 0.11904762
  (93,100]  0.25000000 0.16666667
  (100,448] 0.17500000 0.04761905

, , bmi = (33.2,154], trig = (-0.1,54]

           sex
glu           (-0.1,0]      (0,1]
  (-0.1,82] 0.06250000 0.33720930
  (82,88]   0.18750000 0.22093023
  (88,93]   0.06250000 0.22093023
  (93,100]  0.31250000 0.15116279
  (100,448] 0.37500000 0.06976744

, , bmi = (-0.1,22.8], trig = (54,72]

           sex
glu           (-0.1,0]      (0,1]
  (-0.1,82] 0.30864198 0.40112994
  (82,88]   0.32098765 0.26553672
  (88,93]   0.13580247 0.13559322
  (93,100]  0.19753086 0.12994350
  (100,448] 0.03703704 0.06779661

, , bmi = (22.8,25.6], trig = (54,72]

           sex
glu           (-0.1,0]      (0,1]
  (-0.1,82] 0.18103448 0.31343284
  (82,88]   0.24137931 0.28358209
  (88,93]   0.18103448 0.20895522
  (93,100]  0.31896552 0.12686567
  (100,448] 0.07758621 0.06716418

, , bmi = (25.6,28.6], trig = (54,72]

           sex
glu           (-0.1,0]      (0,1]
  (-0.1,82] 0.07142857 0.31034483
  (82,88]   0.17857143 0.25287356
  (88,93]   0.29761905 0.17241379
  (93,100]  0.27380952 0.20689655
  (100,448] 0.17857143 0.05747126

, , bmi = (28.6,33.2], trig = (54,72]

           sex
glu           (-0.1,0]      (0,1]
  (-0.1,82] 0.07936508 0.23636364
  (82,88]   0.20634921 0.29090909
  (88,93]   0.23809524 0.16363636
  (93,100]  0.30158730 0.22727273
  (100,448] 0.17460317 0.08181818

, , bmi = (33.2,154], trig = (54,72]

           sex
glu           (-0.1,0]      (0,1]
  (-0.1,82] 0.05555556 0.13934426
  (82,88]   0.13888889 0.19672131
  (88,93]   0.13888889 0.18852459
  (93,100]  0.27777778 0.26229508
  (100,448] 0.38888889 0.21311475

, , bmi = (-0.1,22.8], trig = (72,93]

           sex
glu           (-0.1,0]      (0,1]
  (-0.1,82] 0.30864198 0.38135593
  (82,88]   0.27160494 0.22033898
  (88,93]   0.18518519 0.18644068
  (93,100]  0.14814815 0.14406780
  (100,448] 0.08641975 0.06779661

, , bmi = (22.8,25.6], trig = (72,93]

           sex
glu           (-0.1,0]      (0,1]
  (-0.1,82] 0.17543860 0.33695652
  (82,88]   0.20175439 0.29347826
  (88,93]   0.21052632 0.17391304
  (93,100]  0.27192982 0.11956522
  (100,448] 0.14035088 0.07608696

, , bmi = (25.6,28.6], trig = (72,93]

           sex
glu           (-0.1,0]      (0,1]
  (-0.1,82] 0.15000000 0.26881720
  (82,88]   0.16666667 0.25806452
  (88,93]   0.18333333 0.22580645
  (93,100]  0.29166667 0.13978495
  (100,448] 0.20833333 0.10752688

, , bmi = (28.6,33.2], trig = (72,93]

           sex
glu           (-0.1,0]      (0,1]
  (-0.1,82] 0.06172840 0.11111111
  (82,88]   0.14814815 0.26262626
  (88,93]   0.20987654 0.31313131
  (93,100]  0.20987654 0.18181818
  (100,448] 0.37037037 0.13131313

, , bmi = (33.2,154], trig = (72,93]

           sex
glu           (-0.1,0]      (0,1]
  (-0.1,82] 0.12765957 0.11409396
  (82,88]   0.12765957 0.16107383
  (88,93]   0.04255319 0.22147651
  (93,100]  0.21276596 0.27516779
  (100,448] 0.48936170 0.22818792

, , bmi = (-0.1,22.8], trig = (93,134]

           sex
glu           (-0.1,0]      (0,1]
  (-0.1,82] 0.26785714 0.44594595
  (82,88]   0.33928571 0.22972973
  (88,93]   0.21428571 0.14864865
  (93,100]  0.08928571 0.10810811
  (100,448] 0.08928571 0.06756757

, , bmi = (22.8,25.6], trig = (93,134]

           sex
glu           (-0.1,0]      (0,1]
  (-0.1,82] 0.14285714 0.26153846
  (82,88]   0.26785714 0.30769231
  (88,93]   0.26785714 0.20000000
  (93,100]  0.17857143 0.18461538
  (100,448] 0.14285714 0.04615385

, , bmi = (25.6,28.6], trig = (93,134]

           sex
glu           (-0.1,0]      (0,1]
  (-0.1,82] 0.14393939 0.15555556
  (82,88]   0.18181818 0.28888889
  (88,93]   0.20454545 0.13333333
  (93,100]  0.23484848 0.28888889
  (100,448] 0.23484848 0.13333333

, , bmi = (28.6,33.2], trig = (93,134]

           sex
glu           (-0.1,0]      (0,1]
  (-0.1,82] 0.03305785 0.15384615
  (82,88]   0.19834711 0.17948718
  (88,93]   0.20661157 0.24786325
  (93,100]  0.23966942 0.24786325
  (100,448] 0.32231405 0.17094017

, , bmi = (33.2,154], trig = (93,134]

           sex
glu           (-0.1,0]      (0,1]
  (-0.1,82] 0.06756757 0.10526316
  (82,88]   0.17567568 0.13450292
  (88,93]   0.09459459 0.16959064
  (93,100]  0.16216216 0.21052632
  (100,448] 0.50000000 0.38011696

, , bmi = (-0.1,22.8], trig = (134,1.13e+03]

           sex
glu           (-0.1,0]      (0,1]
  (-0.1,82] 0.39285714 0.50000000
  (82,88]   0.21428571 0.14285714
  (88,93]   0.17857143 0.17857143
  (93,100]  0.17857143 0.07142857
  (100,448] 0.03571429 0.10714286

, , bmi = (22.8,25.6], trig = (134,1.13e+03]

           sex
glu           (-0.1,0]      (0,1]
  (-0.1,82] 0.11111111 0.27272727
  (82,88]   0.11111111 0.20454545
  (88,93]   0.23456790 0.20454545
  (93,100]  0.24691358 0.13636364
  (100,448] 0.29629630 0.18181818

, , bmi = (25.6,28.6], trig = (134,1.13e+03]

           sex
glu           (-0.1,0]      (0,1]
  (-0.1,82] 0.09493671 0.07547170
  (82,88]   0.11392405 0.18867925
  (88,93]   0.19620253 0.18867925
  (93,100]  0.25949367 0.16981132
  (100,448] 0.33544304 0.37735849

, , bmi = (28.6,33.2], trig = (134,1.13e+03]

           sex
glu           (-0.1,0]      (0,1]
  (-0.1,82] 0.03902439 0.06666667
  (82,88]   0.08780488 0.14444444
  (88,93]   0.12195122 0.21111111
  (93,100]  0.30731707 0.25555556
  (100,448] 0.44390244 0.32222222

, , bmi = (33.2,154], trig = (134,1.13e+03]

           sex
glu           (-0.1,0]      (0,1]
  (-0.1,82] 0.01973684 0.05732484
  (82,88]   0.06578947 0.10828025
  (88,93]   0.07894737 0.15923567
  (93,100]  0.26315789 0.22292994
  (100,448] 0.57236842 0.45222930


  Parameters of node heavy (multinomial distribution)

Conditional probability table:
 
, , race = (-0.1,0], bmi = (-0.1,22.8]

               sex
heavy             (-0.1,0]      (0,1]
  (-0.1,0]      0.06250000 0.12053571
  (0,36]        0.03365385 0.15178571
  (36,114]      0.12980769 0.24107143
  (114,222]     0.19230769 0.21428571
  (222,372]     0.27884615 0.13839286
  (372,1.5e+03] 0.30288462 0.13392857

, , race = (0,1], bmi = (-0.1,22.8]

               sex
heavy             (-0.1,0]      (0,1]
  (-0.1,0]      0.02027027 0.07380952
  (0,36]        0.04054054 0.08571429
  (36,114]      0.14189189 0.15952381
  (114,222]     0.20945946 0.23095238
  (222,372]     0.25675676 0.24285714
  (372,1.5e+03] 0.33108108 0.20714286

, , race = (-0.1,0], bmi = (22.8,25.6]

               sex
heavy             (-0.1,0]      (0,1]
  (-0.1,0]      0.03600000 0.12621359
  (0,36]        0.04400000 0.13592233
  (36,114]      0.11600000 0.25728155
  (114,222]     0.18400000 0.22815534
  (222,372]     0.28400000 0.11165049
  (372,1.5e+03] 0.33600000 0.14077670

, , race = (0,1], bmi = (22.8,25.6]

               sex
heavy             (-0.1,0]      (0,1]
  (-0.1,0]      0.02867384 0.07299270
  (0,36]        0.04301075 0.09124088
  (36,114]      0.16845878 0.21532847
  (114,222]     0.16129032 0.20802920
  (222,372]     0.30107527 0.21532847
  (372,1.5e+03] 0.29749104 0.19708029

, , race = (-0.1,0], bmi = (25.6,28.6]

               sex
heavy             (-0.1,0]      (0,1]
  (-0.1,0]      0.05306122 0.14601770
  (0,36]        0.06530612 0.14159292
  (36,114]      0.11020408 0.23451327
  (114,222]     0.17551020 0.21681416
  (222,372]     0.22040816 0.13716814
  (372,1.5e+03] 0.37551020 0.12389381

, , race = (0,1], bmi = (25.6,28.6]

               sex
heavy             (-0.1,0]      (0,1]
  (-0.1,0]      0.04702194 0.10550459
  (0,36]        0.05642633 0.15596330
  (36,114]      0.20062696 0.20642202
  (114,222]     0.17554859 0.17889908
  (222,372]     0.22257053 0.18348624
  (372,1.5e+03] 0.29780564 0.16972477

, , race = (-0.1,0], bmi = (28.6,33.2]

               sex
heavy             (-0.1,0]      (0,1]
  (-0.1,0]      0.05263158 0.20000000
  (0,36]        0.05668016 0.14461538
  (36,114]      0.12145749 0.24307692
  (114,222]     0.23076923 0.19384615
  (222,372]     0.26315789 0.15076923
  (372,1.5e+03] 0.27530364 0.06769231

, , race = (0,1], bmi = (28.6,33.2]

               sex
heavy             (-0.1,0]      (0,1]
  (-0.1,0]      0.04942966 0.14285714
  (0,36]        0.12167300 0.14857143
  (36,114]      0.15209125 0.24571429
  (114,222]     0.21292776 0.21714286
  (222,372]     0.22433460 0.13714286
  (372,1.5e+03] 0.23954373 0.10857143

, , race = (-0.1,0], bmi = (33.2,154]

               sex
heavy             (-0.1,0]      (0,1]
  (-0.1,0]      0.08695652 0.23899371
  (0,36]        0.10326087 0.18658281
  (36,114]      0.16304348 0.24109015
  (114,222]     0.21195652 0.16561845
  (222,372]     0.21195652 0.10691824
  (372,1.5e+03] 0.22282609 0.06079665

, , race = (0,1], bmi = (33.2,154]

               sex
heavy             (-0.1,0]      (0,1]
  (-0.1,0]      0.09929078 0.13461538
  (0,36]        0.16312057 0.20192308
  (36,114]      0.19858156 0.30288462
  (114,222]     0.15602837 0.21153846
  (222,372]     0.21985816 0.12019231
  (372,1.5e+03] 0.16312057 0.02884615


  Parameters of node moder (multinomial distribution)

Conditional probability table:
 
, , heavy = (-0.1,0]

           race
moder          (-0.1,0]       (0,1]
  (-0.1,0]  0.227963526 0.100000000
  (0,45]    0.282674772 0.266666667
  (45,88]   0.173252280 0.255555556
  (88,144]  0.194528875 0.188888889
  (144,208] 0.085106383 0.116666667
  (208,891] 0.036474164 0.072222222

, , heavy = (0,36]

           race
moder          (-0.1,0]       (0,1]
  (-0.1,0]  0.090909091 0.031496063
  (0,45]    0.400673401 0.236220472
  (45,88]   0.269360269 0.275590551
  (88,144]  0.134680135 0.212598425
  (144,208] 0.074074074 0.165354331
  (208,891] 0.030303030 0.078740157

, , heavy = (36,114]

           race
moder          (-0.1,0]       (0,1]
  (-0.1,0]  0.040241449 0.016771488
  (0,45]    0.285714286 0.138364780
  (45,88]   0.281690141 0.236897275
  (88,144]  0.207243461 0.287211740
  (144,208] 0.118712274 0.186582809
  (208,891] 0.066398390 0.134171908

, , heavy = (114,222]

           race
moder          (-0.1,0]       (0,1]
  (-0.1,0]  0.041095890 0.008247423
  (0,45]    0.156555773 0.090721649
  (45,88]   0.279843444 0.197938144
  (88,144]  0.277886497 0.294845361
  (144,208] 0.148727984 0.204123711
  (208,891] 0.095890411 0.204123711

, , heavy = (222,372]

           race
moder          (-0.1,0]       (0,1]
  (-0.1,0]  0.025423729 0.020637899
  (0,45]    0.144067797 0.069418386
  (45,88]   0.182203390 0.148217636
  (88,144]  0.258474576 0.227016886
  (144,208] 0.201271186 0.232645403
  (208,891] 0.188559322 0.302063790

, , heavy = (372,1.5e+03]

           race
moder          (-0.1,0]       (0,1]
  (-0.1,0]  0.008230453 0.001937984
  (0,45]    0.055555556 0.042635659
  (45,88]   0.102880658 0.089147287
  (88,144]  0.185185185 0.160852713
  (144,208] 0.240740741 0.226744186
  (208,891] 0.407407407 0.478682171


  Parameters of node edu (multinomial distribution)

Conditional probability table:
 
, , race = (-0.1,0], bmi = (-0.1,22.8]

           sex
edu            (-0.1,0]       (0,1]
  (-0.1,12] 0.586538462 0.419642857
  (12,14]   0.245192308 0.303571429
  (14,15.3] 0.091346154 0.080357143
  (15.3,16] 0.067307692 0.120535714
  (16,40.3] 0.009615385 0.075892857

, , race = (0,1], bmi = (-0.1,22.8]

           sex
edu            (-0.1,0]       (0,1]
  (-0.1,12] 0.344594595 0.128571429
  (12,14]   0.162162162 0.152380952
  (14,15.3] 0.060810811 0.045238095
  (15.3,16] 0.182432432 0.319047619
  (16,40.3] 0.250000000 0.354761905

, , race = (-0.1,0], bmi = (22.8,25.6]

           sex
edu            (-0.1,0]       (0,1]
  (-0.1,12] 0.500000000 0.310679612
  (12,14]   0.236000000 0.237864078
  (14,15.3] 0.060000000 0.097087379
  (15.3,16] 0.124000000 0.223300971
  (16,40.3] 0.080000000 0.131067961

, , race = (0,1], bmi = (22.8,25.6]

           sex
edu            (-0.1,0]       (0,1]
  (-0.1,12] 0.143369176 0.178832117
  (12,14]   0.168458781 0.127737226
  (14,15.3] 0.046594982 0.058394161
  (15.3,16] 0.272401434 0.306569343
  (16,40.3] 0.369175627 0.328467153

, , race = (-0.1,0], bmi = (25.6,28.6]

           sex
edu            (-0.1,0]       (0,1]
  (-0.1,12] 0.436734694 0.340707965
  (12,14]   0.285714286 0.331858407
  (14,15.3] 0.093877551 0.092920354
  (15.3,16] 0.102040816 0.150442478
  (16,40.3] 0.081632653 0.084070796

, , race = (0,1], bmi = (25.6,28.6]

           sex
edu            (-0.1,0]       (0,1]
  (-0.1,12] 0.191222571 0.174311927
  (12,14]   0.203761755 0.183486239
  (14,15.3] 0.028213166 0.018348624
  (15.3,16] 0.288401254 0.279816514
  (16,40.3] 0.288401254 0.344036697

, , race = (-0.1,0], bmi = (28.6,33.2]

           sex
edu            (-0.1,0]       (0,1]
  (-0.1,12] 0.340080972 0.375384615
  (12,14]   0.323886640 0.286153846
  (14,15.3] 0.093117409 0.070769231
  (15.3,16] 0.157894737 0.172307692
  (16,40.3] 0.085020243 0.095384615

, , race = (0,1], bmi = (28.6,33.2]

           sex
edu            (-0.1,0]       (0,1]
  (-0.1,12] 0.193916350 0.125714286
  (12,14]   0.174904943 0.234285714
  (14,15.3] 0.034220532 0.045714286
  (15.3,16] 0.288973384 0.280000000
  (16,40.3] 0.307984791 0.314285714

, , race = (-0.1,0], bmi = (33.2,154]

           sex
edu            (-0.1,0]       (0,1]
  (-0.1,12] 0.347826087 0.314465409
  (12,14]   0.260869565 0.348008386
  (14,15.3] 0.125000000 0.106918239
  (15.3,16] 0.184782609 0.132075472
  (16,40.3] 0.081521739 0.098532495

, , race = (0,1], bmi = (33.2,154]

           sex
edu            (-0.1,0]       (0,1]
  (-0.1,12] 0.212765957 0.264423077
  (12,14]   0.255319149 0.250000000
  (14,15.3] 0.092198582 0.072115385
  (15.3,16] 0.184397163 0.216346154
  (16,40.3] 0.255319149 0.197115385


  Parameters of node smoker (multinomial distribution)

Conditional probability table:
 
, , bmi = (-0.1,22.8], edu = (-0.1,12]

          race
smoker       (-0.1,0]      (0,1]
  (-0.1,0] 0.31018519 0.27619048
  (0,1]    0.09259259 0.15238095
  (1,2]    0.59722222 0.57142857

, , bmi = (22.8,25.6], edu = (-0.1,12]

          race
smoker       (-0.1,0]      (0,1]
  (-0.1,0] 0.29629630 0.23595506
  (0,1]    0.14285714 0.21348315
  (1,2]    0.56084656 0.55056180

, , bmi = (25.6,28.6], edu = (-0.1,12]

          race
smoker       (-0.1,0]      (0,1]
  (-0.1,0] 0.42391304 0.30303030
  (0,1]    0.09782609 0.27272727
  (1,2]    0.47826087 0.42424242

, , bmi = (28.6,33.2], edu = (-0.1,12]

          race
smoker       (-0.1,0]      (0,1]
  (-0.1,0] 0.49514563 0.45205479
  (0,1]    0.14563107 0.17808219
  (1,2]    0.35922330 0.36986301

, , bmi = (33.2,154], edu = (-0.1,12]

          race
smoker       (-0.1,0]      (0,1]
  (-0.1,0] 0.52803738 0.31764706
  (0,1]    0.17289720 0.30588235
  (1,2]    0.29906542 0.37647059

, , bmi = (-0.1,22.8], edu = (12,14]

          race
smoker       (-0.1,0]      (0,1]
  (-0.1,0] 0.43697479 0.37500000
  (0,1]    0.09243697 0.26136364
  (1,2]    0.47058824 0.36363636

, , bmi = (22.8,25.6], edu = (12,14]

          race
smoker       (-0.1,0]      (0,1]
  (-0.1,0] 0.50000000 0.47560976
  (0,1]    0.09259259 0.18292683
  (1,2]    0.40740741 0.34146341

, , bmi = (25.6,28.6], edu = (12,14]

          race
smoker       (-0.1,0]      (0,1]
  (-0.1,0] 0.55172414 0.37142857
  (0,1]    0.17241379 0.24761905
  (1,2]    0.27586207 0.38095238

, , bmi = (28.6,33.2], edu = (12,14]

          race
smoker       (-0.1,0]      (0,1]
  (-0.1,0] 0.50867052 0.48275862
  (0,1]    0.16184971 0.22988506
  (1,2]    0.32947977 0.28735632

, , bmi = (33.2,154], edu = (12,14]

          race
smoker       (-0.1,0]      (0,1]
  (-0.1,0] 0.70093458 0.48863636
  (0,1]    0.11214953 0.29545455
  (1,2]    0.18691589 0.21590909

, , bmi = (-0.1,22.8], edu = (14,15.3]

          race
smoker       (-0.1,0]      (0,1]
  (-0.1,0] 0.45945946 0.46428571
  (0,1]    0.13513514 0.28571429
  (1,2]    0.40540541 0.25000000

, , bmi = (22.8,25.6], edu = (14,15.3]

          race
smoker       (-0.1,0]      (0,1]
  (-0.1,0] 0.71428571 0.41379310
  (0,1]    0.14285714 0.31034483
  (1,2]    0.14285714 0.27586207

, , bmi = (25.6,28.6], edu = (14,15.3]

          race
smoker       (-0.1,0]      (0,1]
  (-0.1,0] 0.43181818 0.38461538
  (0,1]    0.18181818 0.15384615
  (1,2]    0.38636364 0.46153846

, , bmi = (28.6,33.2], edu = (14,15.3]

          race
smoker       (-0.1,0]      (0,1]
  (-0.1,0] 0.65217391 0.47058824
  (0,1]    0.19565217 0.11764706
  (1,2]    0.15217391 0.41176471

, , bmi = (33.2,154], edu = (14,15.3]

          race
smoker       (-0.1,0]      (0,1]
  (-0.1,0] 0.54054054 0.53571429
  (0,1]    0.20270270 0.28571429
  (1,2]    0.25675676 0.17857143

, , bmi = (-0.1,22.8], edu = (15.3,16]

          race
smoker       (-0.1,0]      (0,1]
  (-0.1,0] 0.73170732 0.73913043
  (0,1]    0.12195122 0.18633540
  (1,2]    0.14634146 0.07453416

, , bmi = (22.8,25.6], edu = (15.3,16]

          race
smoker       (-0.1,0]      (0,1]
  (-0.1,0] 0.68831169 0.57500000
  (0,1]    0.12987013 0.29375000
  (1,2]    0.18181818 0.13125000

, , bmi = (25.6,28.6], edu = (15.3,16]

          race
smoker       (-0.1,0]      (0,1]
  (-0.1,0] 0.81355932 0.67320261
  (0,1]    0.10169492 0.20261438
  (1,2]    0.08474576 0.12418301

, , bmi = (28.6,33.2], edu = (15.3,16]

          race
smoker       (-0.1,0]      (0,1]
  (-0.1,0] 0.78947368 0.60000000
  (0,1]    0.07368421 0.25600000
  (1,2]    0.13684211 0.14400000

, , bmi = (33.2,154], edu = (15.3,16]

          race
smoker       (-0.1,0]      (0,1]
  (-0.1,0] 0.76288660 0.59154930
  (0,1]    0.12371134 0.30985915
  (1,2]    0.11340206 0.09859155

, , bmi = (-0.1,22.8], edu = (16,40.3]

          race
smoker       (-0.1,0]      (0,1]
  (-0.1,0] 0.73684211 0.69354839
  (0,1]    0.00000000 0.25806452
  (1,2]    0.26315789 0.04838710

, , bmi = (22.8,25.6], edu = (16,40.3]

          race
smoker       (-0.1,0]      (0,1]
  (-0.1,0] 0.61702128 0.73056995
  (0,1]    0.14893617 0.21243523
  (1,2]    0.23404255 0.05699482

, , bmi = (25.6,28.6], edu = (16,40.3]

          race
smoker       (-0.1,0]      (0,1]
  (-0.1,0] 0.74358974 0.67065868
  (0,1]    0.20512821 0.23952096
  (1,2]    0.05128205 0.08982036

, , bmi = (28.6,33.2], edu = (16,40.3]

          race
smoker       (-0.1,0]      (0,1]
  (-0.1,0] 0.80769231 0.68382353
  (0,1]    0.09615385 0.23529412
  (1,2]    0.09615385 0.08088235

, , bmi = (33.2,154], edu = (16,40.3]

          race
smoker       (-0.1,0]      (0,1]
  (-0.1,0] 0.80645161 0.79220779
  (0,1]    0.14516129 0.14285714
  (1,2]    0.04838710 0.06493506


  Parameters of node hbp (multinomial distribution)

Conditional probability table:
 
, , dbp = (-0.1,30]

       bmi
hbp     (-0.1,22.8] (22.8,25.6] (25.6,28.6] (28.6,33.2] (33.2,154]
  (0,1] 1.000000000      0 0 0 0                                      
  (1,2] 0.000000000             0 0 0 0                               
  (2,8] 0.000000000                     0 0 0 0                       

, , dbp = (30,63]

       bmi
hbp     (-0.1,22.8] (22.8,25.6] (25.6,28.6] (28.6,33.2]  (33.2,154]
  (0,1] 0.982708934 0.950000000 0.895734597 0.841666667 0.671232877
  (1,2] 0.017291066 0.042857143 0.085308057 0.158333333 0.301369863
  (2,8] 0.000000000 0.007142857 0.018957346 0.000000000 0.027397260

, , dbp = (63,68.7]

       bmi
hbp     (-0.1,22.8] (22.8,25.6] (25.6,28.6] (28.6,33.2]  (33.2,154]
  (0,1] 0.925093633 0.921052632 0.911330049 0.863095238 0.635593220
  (1,2] 0.067415730 0.065789474 0.083743842 0.130952381 0.338983051
  (2,8] 0.007490637 0.013157895 0.004926108 0.005952381 0.025423729

, , dbp = (68.7,74]

       bmi
hbp     (-0.1,22.8] (22.8,25.6] (25.6,28.6] (28.6,33.2]  (33.2,154]
  (0,1] 0.882978723 0.850877193 0.798245614 0.812500000 0.710659898
  (1,2] 0.095744681 0.131578947 0.179824561 0.178571429 0.274111675
  (2,8] 0.021276596 0.017543860 0.021929825 0.008928571 0.015228426

, , dbp = (74,81]

       bmi
hbp     (-0.1,22.8] (22.8,25.6] (25.6,28.6] (28.6,33.2]  (33.2,154]
  (0,1] 0.717557252 0.776397516 0.792746114 0.697761194 0.643137255
  (1,2] 0.236641221 0.186335404 0.191709845 0.279850746 0.337254902
  (2,8] 0.045801527 0.037267081 0.015544041 0.022388060 0.019607843

, , dbp = (81,438]

       bmi
hbp     (-0.1,22.8] (22.8,25.6] (25.6,28.6] (28.6,33.2]  (33.2,154]
  (0,1] 0.545454545 0.500000000 0.537572254 0.421739130 0.430517711
  (1,2] 0.454545455 0.446428571 0.421965318 0.552173913 0.547683924
  (2,8] 0.000000000 0.053571429 0.040462428 0.026086957 0.021798365


  Parameters of node cac (multinomial distribution)

Conditional probability table:
 
, , age = (-0.1,41], glu = (-0.1,82]

          sex
cac          (-0.1,0]      (0,1]
  (-0.1,0] 0.95652174 0.97619048
  (0,1]    0.04347826 0.02380952

, , age = (41,44], glu = (-0.1,82]

          sex
cac          (-0.1,0]      (0,1]
  (-0.1,0] 0.94366197 0.93491124
  (0,1]    0.05633803 0.06508876

, , age = (44,46], glu = (-0.1,82]

          sex
cac          (-0.1,0]      (0,1]
  (-0.1,0] 0.92592593 0.97272727
  (0,1]    0.07407407 0.02727273

, , age = (46,49], glu = (-0.1,82]

          sex
cac          (-0.1,0]      (0,1]
  (-0.1,0] 0.92405063 0.98159509
  (0,1]    0.07594937 0.01840491

, , age = (49,188], glu = (-0.1,82]

          sex
cac          (-0.1,0]      (0,1]
  (-0.1,0] 0.84000000 0.86000000
  (0,1]    0.16000000 0.14000000

, , age = (-0.1,41], glu = (82,88]

          sex
cac          (-0.1,0]      (0,1]
  (-0.1,0] 0.96521739 0.97333333
  (0,1]    0.03478261 0.02666667

, , age = (41,44], glu = (82,88]

          sex
cac          (-0.1,0]      (0,1]
  (-0.1,0] 0.92857143 0.93793103
  (0,1]    0.07142857 0.06206897

, , age = (44,46], glu = (82,88]

          sex
cac          (-0.1,0]      (0,1]
  (-0.1,0] 0.91428571 0.97058824
  (0,1]    0.08571429 0.02941176

, , age = (46,49], glu = (82,88]

          sex
cac          (-0.1,0]      (0,1]
  (-0.1,0] 0.81196581 0.93467337
  (0,1]    0.18803419 0.06532663

, , age = (49,188], glu = (82,88]

          sex
cac          (-0.1,0]      (0,1]
  (-0.1,0] 0.79411765 0.92727273
  (0,1]    0.20588235 0.07272727

, , age = (-0.1,41], glu = (88,93]

          sex
cac          (-0.1,0]      (0,1]
  (-0.1,0] 0.93617021 0.93137255
  (0,1]    0.06382979 0.06862745

, , age = (41,44], glu = (88,93]

          sex
cac          (-0.1,0]      (0,1]
  (-0.1,0] 0.89898990 0.93277311
  (0,1]    0.10101010 0.06722689

, , age = (44,46], glu = (88,93]

          sex
cac          (-0.1,0]      (0,1]
  (-0.1,0] 0.83333333 0.94871795
  (0,1]    0.16666667 0.05128205

, , age = (46,49], glu = (88,93]

          sex
cac          (-0.1,0]      (0,1]
  (-0.1,0] 0.85321101 0.92948718
  (0,1]    0.14678899 0.07051282

, , age = (49,188], glu = (88,93]

          sex
cac          (-0.1,0]      (0,1]
  (-0.1,0] 0.63333333 0.83076923
  (0,1]    0.36666667 0.16923077

, , age = (-0.1,41], glu = (93,100]

          sex
cac          (-0.1,0]      (0,1]
  (-0.1,0] 0.93000000 0.96428571
  (0,1]    0.07000000 0.03571429

, , age = (41,44], glu = (93,100]

          sex
cac          (-0.1,0]      (0,1]
  (-0.1,0] 0.86923077 0.97701149
  (0,1]    0.13076923 0.02298851

, , age = (44,46], glu = (93,100]

          sex
cac          (-0.1,0]      (0,1]
  (-0.1,0] 0.78823529 0.85393258
  (0,1]    0.21176471 0.14606742

, , age = (46,49], glu = (93,100]

          sex
cac          (-0.1,0]      (0,1]
  (-0.1,0] 0.72549020 0.88461538
  (0,1]    0.27450980 0.11538462

, , age = (49,188], glu = (93,100]

          sex
cac          (-0.1,0]      (0,1]
  (-0.1,0] 0.73214286 0.92537313
  (0,1]    0.26785714 0.07462687

, , age = (-0.1,41], glu = (100,448]

          sex
cac          (-0.1,0]      (0,1]
  (-0.1,0] 0.77272727 0.92753623
  (0,1]    0.22727273 0.07246377

, , age = (41,44], glu = (100,448]

          sex
cac          (-0.1,0]      (0,1]
  (-0.1,0] 0.79090909 0.96153846
  (0,1]    0.20909091 0.03846154

, , age = (44,46], glu = (100,448]

          sex
cac          (-0.1,0]      (0,1]
  (-0.1,0] 0.78160920 0.91549296
  (0,1]    0.21839080 0.08450704

, , age = (46,49], glu = (100,448]

          sex
cac          (-0.1,0]      (0,1]
  (-0.1,0] 0.66824645 0.80291971
  (0,1]    0.33175355 0.19708029

, , age = (49,188], glu = (100,448]

          sex
cac          (-0.1,0]      (0,1]
  (-0.1,0] 0.56962025 0.86764706
  (0,1]    0.43037975 0.13235294

